post_title,post_name,post_parent,ID,post_content,post_excerpt,post_status,post_password,menu_order,post_date,post_author,comment_status,sku,parent_sku,children,downloadable,virtual,stock,regular_price,sale_price,weight,length,width,height,tax_class,stock_status,backorders,sold_individually,low_stock_amount,manage_stock,tax_status,upsell_ids,crosssell_ids,featured,purchase_note,sale_price_dates_from,sale_price_dates_to,download_limit,download_expiry,product_url,button_text,images,downloadable_files,product_page_url,meta:_yoast_wpseo_focuskw,meta:_yoast_wpseo_canonical,meta:_yoast_wpseo_bctitle,meta:_yoast_wpseo_meta-robots-adv,meta:_yoast_wpseo_is_cornerstone,meta:_yoast_wpseo_metadesc,meta:_yoast_wpseo_linkdex,meta:_yoast_wpseo_estimated-reading-time-minutes,meta:_yoast_wpseo_content_score,meta:_yoast_wpseo_title,meta:_yoast_wpseo_metakeywords,tax:product_type,tax:product_visibility,tax:product_cat,tax:product_tag,tax:product_shipping_class,meta:back_order_date,meta:fb_product_description,meta:fb_product_group_id,meta:fb_product_item_id,meta:fb_visibility,meta:hubwoo_ecomm_invalid_pro,meta:hubwoo_ecomm_pro_id,meta:mc4wp_updated_at,meta:supplier,meta:total_sales,meta:woocommerce_gpf_excluded_media_ids,meta:woocommerce_gpf_primary_media_id,meta:attribute_pa_colour,meta:attribute_pa_colour-temperature,meta:attribute_pa_dimensions,meta:attribute_pa_doors-drawers,meta:attribute_pa_fabric,meta:attribute_pa_fill,meta:attribute_pa_lamp-base,meta:attribute_pa_material,meta:attribute_pa_packaging,meta:attribute_pa_seat-material,meta:attribute_pa_seater,meta:attribute_pa_shape,meta:attribute_pa_size,attribute:1,attribute_data:1,attribute_default:1,attribute:Composition,attribute_data:Composition,attribute_default:Composition,attribute:Frame & Legs,attribute_data:Frame & Legs,attribute_default:Frame & Legs,attribute:assembly,attribute_data:assembly,attribute_default:assembly,attribute:availability,attribute_data:availability,attribute_default:availability,attribute:brand name,attribute_data:brand name,attribute_default:brand name,attribute:brands,attribute_data:brands,attribute_default:brands,attribute:collection,attribute_data:collection,attribute_default:collection,attribute:colour,attribute_data:colour,attribute_default:colour,attribute:composition,attribute_data:composition,attribute_default:composition,attribute:delivery,attribute_data:delivery,attribute_default:delivery,attribute:detailing,attribute_data:detailing,attribute_default:detailing,attribute:dimensions,attribute_data:dimensions,attribute_default:dimensions,attribute:fill,attribute_data:fill,attribute_default:fill,attribute:frame & legs,attribute_data:frame & legs,attribute_default:frame & legs,attribute:pa_abrasion,attribute_data:pa_abrasion,attribute_default:pa_abrasion,attribute:pa_abrasion-test,attribute_data:pa_abrasion-test,attribute_default:pa_abrasion-test,attribute:pa_abrasion-test-1,attribute_data:pa_abrasion-test-1,attribute_default:pa_abrasion-test-1,attribute:pa_abrasion-test-2,attribute_data:pa_abrasion-test-2,attribute_default:pa_abrasion-test-2,attribute:pa_additional-finishing,attribute_data:pa_additional-finishing,attribute_default:pa_additional-finishing,attribute:pa_adhesive,attribute_data:pa_adhesive,attribute_default:pa_adhesive,attribute:pa_afwasbaarheid,attribute_data:pa_afwasbaarheid,attribute_default:pa_afwasbaarheid,attribute:pa_anchor-points,attribute_data:pa_anchor-points,attribute_default:pa_anchor-points,attribute:pa_application,attribute_data:pa_application,attribute_default:pa_application,attribute:pa_arms,attribute_data:pa_arms,attribute_default:pa_arms,attribute:pa_assembly,attribute_data:pa_assembly,attribute_default:pa_assembly,attribute:pa_availability,attribute_data:pa_availability,attribute_default:pa_availability,attribute:pa_availabilty,attribute_data:pa_availabilty,attribute_default:pa_availabilty,attribute:pa_back,attribute_data:pa_back,attribute_default:pa_back,attribute:pa_back-cushion-fill,attribute_data:pa_back-cushion-fill,attribute_default:pa_back-cushion-fill,attribute:pa_back-panel,attribute_data:pa_back-panel,attribute_default:pa_back-panel,attribute:pa_back-pillows,attribute_data:pa_back-pillows,attribute_default:pa_back-pillows,attribute:pa_backplate-mm,attribute_data:pa_backplate-mm,attribute_default:pa_backplate-mm,attribute:pa_base,attribute_data:pa_base,attribute_default:pa_base,attribute:pa_beam-angle,attribute_data:pa_beam-angle,attribute_default:pa_beam-angle,attribute:pa_bed-size,attribute_data:pa_bed-size,attribute_default:pa_bed-size,attribute:pa_body,attribute_data:pa_body,attribute_default:pa_body,attribute:pa_bottom-of-shade-diameter,attribute_data:pa_bottom-of-shade-diameter,attribute_default:pa_bottom-of-shade-diameter,attribute:pa_brand-name,attribute_data:pa_brand-name,attribute_default:pa_brand-name,attribute:pa_brands,attribute_data:pa_brands,attribute_default:pa_brands,attribute:pa_bulbs,attribute_data:pa_bulbs,attribute_default:pa_bulbs,attribute:pa_cabinet-wood,attribute_data:pa_cabinet-wood,attribute_default:pa_cabinet-wood,attribute:pa_cable-length,attribute_data:pa_cable-length,attribute_default:pa_cable-length,attribute:pa_care,attribute_data:pa_care,attribute_default:pa_care,attribute:pa_care-code,attribute_data:pa_care-code,attribute_default:pa_care-code,attribute:pa_care-instructions,attribute_data:pa_care-instructions,attribute_default:pa_care-instructions,attribute:pa_care-label-number,attribute_data:pa_care-label-number,attribute_default:pa_care-label-number,attribute:pa_catb-117,attribute_data:pa_catb-117,attribute_default:pa_catb-117,attribute:pa_ceiling-rose,attribute_data:pa_ceiling-rose,attribute_default:pa_ceiling-rose,attribute:pa_chain-length,attribute_data:pa_chain-length,attribute_default:pa_chain-length,attribute:pa_clasps,attribute_data:pa_clasps,attribute_default:pa_clasps,attribute:pa_clasps-and-handles,attribute_data:pa_clasps-and-handles,attribute_default:pa_clasps-and-handles,attribute:pa_cleaning-code,attribute_data:pa_cleaning-code,attribute_default:pa_cleaning-code,attribute:pa_collection,attribute_data:pa_collection,attribute_default:pa_collection,attribute:pa_color,attribute_data:pa_color,attribute_default:pa_color,attribute:pa_colour,attribute_data:pa_colour,attribute_default:pa_colour,attribute:pa_colour-number,attribute_data:pa_colour-number,attribute_default:pa_colour-number,attribute:pa_colour-temperature,attribute_data:pa_colour-temperature,attribute_default:pa_colour-temperature,attribute:pa_colour-temperature-of-lamp,attribute_data:pa_colour-temperature-of-lamp,attribute_default:pa_colour-temperature-of-lamp,attribute:pa_colourfastness-to-light,attribute_data:pa_colourfastness-to-light,attribute_default:pa_colourfastness-to-light,attribute:pa_composition,attribute_data:pa_composition,attribute_default:pa_composition,attribute:pa_construction,attribute_data:pa_construction,attribute_default:pa_construction,attribute:pa_continuous,attribute_data:pa_continuous,attribute_default:pa_continuous,attribute:pa_cost,attribute_data:pa_cost,attribute_default:pa_cost,attribute:pa_country-of-manufacture,attribute_data:pa_country-of-manufacture,attribute_default:pa_country-of-manufacture,attribute:pa_country-of-origin,attribute_data:pa_country-of-origin,attribute_default:pa_country-of-origin,attribute:pa_cri,attribute_data:pa_cri,attribute_default:pa_cri,attribute:pa_current-deal,attribute_data:pa_current-deal,attribute_default:pa_current-deal,attribute:pa_cushion-fill,attribute_data:pa_cushion-fill,attribute_default:pa_cushion-fill,attribute:pa_cushion-material,attribute_data:pa_cushion-material,attribute_default:pa_cushion-material,attribute:pa_cut-out,attribute_data:pa_cut-out,attribute_default:pa_cut-out,attribute:pa_d-b-f-p,attribute_data:pa_d-b-f-p,attribute_default:pa_d-b-f-p,attribute:pa_d-b-f-p-mm,attribute_data:pa_d-b-f-p-mm,attribute_default:pa_d-b-f-p-mm,attribute:pa_deailing,attribute_data:pa_deailing,attribute_default:pa_deailing,attribute:pa_delivery,attribute_data:pa_delivery,attribute_default:pa_delivery,attribute:pa_demensions,attribute_data:pa_demensions,attribute_default:pa_demensions,attribute:pa_design,attribute_data:pa_design,attribute_default:pa_design,attribute:pa_design-name,attribute_data:pa_design-name,attribute_default:pa_design-name,attribute:pa_design-style,attribute_data:pa_design-style,attribute_default:pa_design-style,attribute:pa_detailing,attribute_data:pa_detailing,attribute_default:pa_detailing,attribute:pa_dimensions,attribute_data:pa_dimensions,attribute_default:pa_dimensions,attribute:pa_dimensionsss,attribute_data:pa_dimensionsss,attribute_default:pa_dimensionsss,attribute:pa_dimmable,attribute_data:pa_dimmable,attribute_default:pa_dimmable,attribute:pa_distance-b-w-fixing-points,attribute_data:pa_distance-b-w-fixing-points,attribute_default:pa_distance-b-w-fixing-points,attribute:pa_doors-drawers,attribute_data:pa_doors-drawers,attribute_default:pa_doors-drawers,attribute:pa_double-insulated,attribute_data:pa_double-insulated,attribute_default:pa_double-insulated,attribute:pa_drawers,attribute_data:pa_drawers,attribute_default:pa_drawers,attribute:pa_driver,attribute_data:pa_driver,attribute_default:pa_driver,attribute:pa_drop-type,attribute_data:pa_drop-type,attribute_default:pa_drop-type,attribute:pa_edge-to-edge-width,attribute_data:pa_edge-to-edge-width,attribute_default:pa_edge-to-edge-width,attribute:pa_effects,attribute_data:pa_effects,attribute_default:pa_effects,attribute:pa_end-use,attribute_data:pa_end-use,attribute_default:pa_end-use,attribute:pa_extra-features,attribute_data:pa_extra-features,attribute_default:pa_extra-features,attribute:pa_fabric,attribute_data:pa_fabric,attribute_default:pa_fabric,attribute:pa_fabric-composition,attribute_data:pa_fabric-composition,attribute_default:pa_fabric-composition,attribute:pa_fabric-name,attribute_data:pa_fabric-name,attribute_default:pa_fabric-name,attribute:pa_fabric-pattern,attribute_data:pa_fabric-pattern,attribute_default:pa_fabric-pattern,attribute:pa_fabric-type,attribute_data:pa_fabric-type,attribute_default:pa_fabric-type,attribute:pa_features,attribute_data:pa_features,attribute_default:pa_features,attribute:pa_featurres,attribute_data:pa_featurres,attribute_default:pa_featurres,attribute:pa_feet,attribute_data:pa_feet,attribute_default:pa_feet,attribute:pa_fill,attribute_data:pa_fill,attribute_default:pa_fill,attribute:pa_finish,attribute_data:pa_finish,attribute_default:pa_finish,attribute:pa_fire-retardancy,attribute_data:pa_fire-retardancy,attribute_default:pa_fire-retardancy,attribute:pa_fire-standard,attribute_data:pa_fire-standard,attribute_default:pa_fire-standard,attribute:pa_firmness,attribute_data:pa_firmness,attribute_default:pa_firmness,attribute:pa_fixing-area,attribute_data:pa_fixing-area,attribute_default:pa_fixing-area,attribute:pa_fixing-area-mm,attribute_data:pa_fixing-area-mm,attribute_default:pa_fixing-area-mm,attribute:pa_fixing-areamm,attribute_data:pa_fixing-areamm,attribute_default:pa_fixing-areamm,attribute:pa_fragrance,attribute_data:pa_fragrance,attribute_default:pa_fragrance,attribute:pa_frame,attribute_data:pa_frame,attribute_default:pa_frame,attribute:pa_frame-and-legs,attribute_data:pa_frame-and-legs,attribute_default:pa_frame-and-legs,attribute:pa_frame-legs,attribute_data:pa_frame-legs,attribute_default:pa_frame-legs,attribute:pa_front-face,attribute_data:pa_front-face,attribute_default:pa_front-face,attribute:pa_furniture-grade,attribute_data:pa_furniture-grade,attribute_default:pa_furniture-grade,attribute:pa_globe-type,attribute_data:pa_globe-type,attribute_default:pa_globe-type,attribute:pa_glue,attribute_data:pa_glue,attribute_default:pa_glue,attribute:pa_handles,attribute_data:pa_handles,attribute_default:pa_handles,attribute:pa_head,attribute_data:pa_head,attribute_default:pa_head,attribute:pa_hooks,attribute_data:pa_hooks,attribute_default:pa_hooks,attribute:pa_horizontal-pattern-repeat,attribute_data:pa_horizontal-pattern-repeat,attribute_default:pa_horizontal-pattern-repeat,attribute:pa_how-to-paste,attribute_data:pa_how-to-paste,attribute_default:pa_how-to-paste,attribute:pa_how-to-remove,attribute_data:pa_how-to-remove,attribute_default:pa_how-to-remove,attribute:pa_ik-rating,attribute_data:pa_ik-rating,attribute_default:pa_ik-rating,attribute:pa_inner,attribute_data:pa_inner,attribute_default:pa_inner,attribute:pa_inslay,attribute_data:pa_inslay,attribute_default:pa_inslay,attribute:pa_instruction-assembly,attribute_data:pa_instruction-assembly,attribute_default:pa_instruction-assembly,attribute:pa_ip-rating,attribute_data:pa_ip-rating,attribute_default:pa_ip-rating,attribute:pa_kelvins,attribute_data:pa_kelvins,attribute_default:pa_kelvins,attribute:pa_l70,attribute_data:pa_l70,attribute_default:pa_l70,attribute:pa_lamp,attribute_data:pa_lamp,attribute_default:pa_lamp,attribute:pa_lamp-base,attribute_data:pa_lamp-base,attribute_default:pa_lamp-base,attribute:pa_lamp-type,attribute_data:pa_lamp-type,attribute_default:pa_lamp-type,attribute:pa_leather,attribute_data:pa_leather,attribute_default:pa_leather,attribute:pa_led-life,attribute_data:pa_led-life,attribute_default:pa_led-life,attribute:pa_led-ttype,attribute_data:pa_led-ttype,attribute_default:pa_led-ttype,attribute:pa_led-type,attribute_data:pa_led-type,attribute_default:pa_led-type,attribute:pa_legs,attribute_data:pa_legs,attribute_default:pa_legs,attribute:pa_legs-colour,attribute_data:pa_legs-colour,attribute_default:pa_legs-colour,attribute:pa_light-direction,attribute_data:pa_light-direction,attribute_default:pa_light-direction,attribute:pa_light-resistance,attribute_data:pa_light-resistance,attribute_default:pa_light-resistance,attribute:pa_light-stability,attribute_data:pa_light-stability,attribute_default:pa_light-stability,attribute:pa_lightfastness,attribute_data:pa_lightfastness,attribute_default:pa_lightfastness,attribute:pa_lumens,attribute_data:pa_lumens,attribute_default:pa_lumens,attribute:pa_lumens-of-lamp,attribute_data:pa_lumens-of-lamp,attribute_default:pa_lumens-of-lamp,attribute:pa_lumens-per-watt,attribute_data:pa_lumens-per-watt,attribute_default:pa_lumens-per-watt,attribute:pa_match,attribute_data:pa_match,attribute_default:pa_match,attribute:pa_material,attribute_data:pa_material,attribute_default:pa_material,attribute:pa_material-category,attribute_data:pa_material-category,attribute_default:pa_material-category,attribute:pa_material-composition,attribute_data:pa_material-composition,attribute_default:pa_material-composition,attribute:pa_materials,attribute_data:pa_materials,attribute_default:pa_materials,attribute:pa_max-detection-radius,attribute_data:pa_max-detection-radius,attribute_default:pa_max-detection-radius,attribute:pa_measurements,attribute_data:pa_measurements,attribute_default:pa_measurements,attribute:pa_metal,attribute_data:pa_metal,attribute_default:pa_metal,attribute:pa_mounting,attribute_data:pa_mounting,attribute_default:pa_mounting,attribute:pa_new,attribute_data:pa_new,attribute_default:pa_new,attribute:pa_note,attribute_data:pa_note,attribute_default:pa_note,attribute:pa_nuance,attribute_data:pa_nuance,attribute_default:pa_nuance,attribute:pa_operating-temp,attribute_data:pa_operating-temp,attribute_default:pa_operating-temp,attribute:pa_operation-temp,attribute_data:pa_operation-temp,attribute_default:pa_operation-temp,attribute:pa_origin,attribute_data:pa_origin,attribute_default:pa_origin,attribute:pa_other-colour,attribute_data:pa_other-colour,attribute_default:pa_other-colour,attribute:pa_packaging,attribute_data:pa_packaging,attribute_default:pa_packaging,attribute:pa_panels,attribute_data:pa_panels,attribute_default:pa_panels,attribute:pa_pattern,attribute_data:pa_pattern,attribute_default:pa_pattern,attribute:pa_pattern-height,attribute_data:pa_pattern-height,attribute_default:pa_pattern-height,attribute:pa_pattern-match,attribute_data:pa_pattern-match,attribute_default:pa_pattern-match,attribute:pa_pattern-repeat,attribute_data:pa_pattern-repeat,attribute_default:pa_pattern-repeat,attribute:pa_pattern-width,attribute_data:pa_pattern-width,attribute_default:pa_pattern-width,attribute:pa_performance-fabrics,attribute_data:pa_performance-fabrics,attribute_default:pa_performance-fabrics,attribute:pa_please-note,attribute_data:pa_please-note,attribute_default:pa_please-note,attribute:pa_pot-sizes,attribute_data:pa_pot-sizes,attribute_default:pa_pot-sizes,attribute:pa_power-factor,attribute_data:pa_power-factor,attribute_default:pa_power-factor,attribute:pa_primary-colour,attribute_data:pa_primary-colour,attribute_default:pa_primary-colour,attribute:pa_primary-fabric,attribute_data:pa_primary-fabric,attribute_default:pa_primary-fabric,attribute:pa_product,attribute_data:pa_product,attribute_default:pa_product,attribute:pa_railroaded,attribute_data:pa_railroaded,attribute_default:pa_railroaded,attribute:pa_recessed-mounted,attribute_data:pa_recessed-mounted,attribute_default:pa_recessed-mounted,attribute:pa_recommended-bulb,attribute_data:pa_recommended-bulb,attribute_default:pa_recommended-bulb,attribute:pa_recommended-globe,attribute_data:pa_recommended-globe,attribute_default:pa_recommended-globe,attribute:pa_recommended-shade,attribute_data:pa_recommended-shade,attribute_default:pa_recommended-shade,attribute:pa_recommended-wattage,attribute_data:pa_recommended-wattage,attribute_default:pa_recommended-wattage,attribute:pa_recommended-wattage-bulb,attribute_data:pa_recommended-wattage-bulb,attribute_default:pa_recommended-wattage-bulb,attribute:pa_remark,attribute_data:pa_remark,attribute_default:pa_remark,attribute:pa_repeat,attribute_data:pa_repeat,attribute_default:pa_repeat,attribute:pa_repeat-size,attribute_data:pa_repeat-size,attribute_default:pa_repeat-size,attribute:pa_roll-length,attribute_data:pa_roll-length,attribute_default:pa_roll-length,attribute:pa_roll-size,attribute_data:pa_roll-size,attribute_default:pa_roll-size,attribute:pa_roll-width,attribute_data:pa_roll-width,attribute_default:pa_roll-width,attribute:pa_room-type,attribute_data:pa_room-type,attribute_default:pa_room-type,attribute:pa_rub-test,attribute_data:pa_rub-test,attribute_default:pa_rub-test,attribute:pa_s-s-j-t,attribute_data:pa_s-s-j-t,attribute_default:pa_s-s-j-t,attribute:pa_seat,attribute_data:pa_seat,attribute_default:pa_seat,attribute:pa_seat-and-back,attribute_data:pa_seat-and-back,attribute_default:pa_seat-and-back,attribute:pa_seat-back,attribute_data:pa_seat-back,attribute_default:pa_seat-back,attribute:pa_seat-back-fill,attribute_data:pa_seat-back-fill,attribute_default:pa_seat-back-fill,attribute:pa_seat-cushion-fill,attribute_data:pa_seat-cushion-fill,attribute_default:pa_seat-cushion-fill,attribute:pa_seat-fill,attribute_data:pa_seat-fill,attribute_default:pa_seat-fill,attribute:pa_seat-height,attribute_data:pa_seat-height,attribute_default:pa_seat-height,attribute:pa_seat-material,attribute_data:pa_seat-material,attribute_default:pa_seat-material,attribute:pa_seater,attribute_data:pa_seater,attribute_default:pa_seater,attribute:pa_seating-fill,attribute_data:pa_seating-fill,attribute_default:pa_seating-fill,attribute:pa_secondary-colour,attribute_data:pa_secondary-colour,attribute_default:pa_secondary-colour,attribute:pa_shape,attribute_data:pa_shape,attribute_default:pa_shape,attribute:pa_shipping,attribute_data:pa_shipping,attribute_default:pa_shipping,attribute:pa_size,attribute_data:pa_size,attribute_default:pa_size,attribute:pa_sold,attribute_data:pa_sold,attribute_default:pa_sold,attribute:pa_sold-by,attribute_data:pa_sold-by,attribute_default:pa_sold-by,attribute:pa_strippability,attribute_data:pa_strippability,attribute_default:pa_strippability,attribute:pa_style,attribute_data:pa_style,attribute_default:pa_style,attribute:pa_supplied-with,attribute_data:pa_supplied-with,attribute_default:pa_supplied-with,attribute:pa_supplier,attribute_data:pa_supplier,attribute_default:pa_supplier,attribute:pa_surface-mounted,attribute_data:pa_surface-mounted,attribute_default:pa_surface-mounted,attribute:pa_suspension-cable,attribute_data:pa_suspension-cable,attribute_default:pa_suspension-cable,attribute:pa_switching-capacity,attribute_data:pa_switching-capacity,attribute_default:pa_switching-capacity,attribute:pa_table-materials,attribute_data:pa_table-materials,attribute_default:pa_table-materials,attribute:pa_table-top,attribute_data:pa_table-top,attribute_default:pa_table-top,attribute:pa_tabletop,attribute_data:pa_tabletop,attribute_default:pa_tabletop,attribute:pa_technique,attribute_data:pa_technique,attribute_default:pa_technique,attribute:pa_texture,attribute_data:pa_texture,attribute_default:pa_texture,attribute:pa_timber,attribute_data:pa_timber,attribute_default:pa_timber,attribute:pa_tip,attribute_data:pa_tip,attribute_default:pa_tip,attribute:pa_top,attribute_data:pa_top,attribute_default:pa_top,attribute:pa_top-of-shade-diameter,attribute_data:pa_top-of-shade-diameter,attribute_default:pa_top-of-shade-diameter,attribute:pa_trays,attribute_data:pa_trays,attribute_default:pa_trays,attribute:pa_ttype,attribute_data:pa_ttype,attribute_default:pa_ttype,attribute:pa_type,attribute_data:pa_type,attribute_default:pa_type,attribute:pa_ufac,attribute_data:pa_ufac,attribute_default:pa_ufac,attribute:pa_ugr-rating,attribute_data:pa_ugr-rating,attribute_default:pa_ugr-rating,attribute:pa_upholstery,attribute_data:pa_upholstery,attribute_default:pa_upholstery,attribute:pa_usable-width,attribute_data:pa_usable-width,attribute_default:pa_usable-width,attribute:pa_usage,attribute_data:pa_usage,attribute_default:pa_usage,attribute:pa_usages,attribute_data:pa_usages,attribute_default:pa_usages,attribute:pa_use,attribute_data:pa_use,attribute_default:pa_use,attribute:pa_vertical-pattern-repeat,attribute_data:pa_vertical-pattern-repeat,attribute_default:pa_vertical-pattern-repeat,attribute:pa_voltage,attribute_data:pa_voltage,attribute_default:pa_voltage,attribute:pa_wallcovering-area,attribute_data:pa_wallcovering-area,attribute_default:pa_wallcovering-area,attribute:pa_warranty,attribute_data:pa_warranty,attribute_default:pa_warranty,attribute:pa_washability,attribute_data:pa_washability,attribute_default:pa_washability,attribute:pa_wattage,attribute_data:pa_wattage,attribute_default:pa_wattage,attribute:pa_watts,attribute_data:pa_watts,attribute_default:pa_watts,attribute:pa_watts-of-lamp,attribute_data:pa_watts-of-lamp,attribute_default:pa_watts-of-lamp,attribute:pa_weave-colour,attribute_data:pa_weave-colour,attribute_default:pa_weave-colour,attribute:pa_weave-colours,attribute_data:pa_weave-colours,attribute_default:pa_weave-colours,attribute:pa_weight,attribute_data:pa_weight,attribute_default:pa_weight,attribute:pa_weight-gsm,attribute_data:pa_weight-gsm,attribute_default:pa_weight-gsm,attribute:pa_whats-in-box,attribute_data:pa_whats-in-box,attribute_default:pa_whats-in-box,attribute:pa_wide-width,attribute_data:pa_wide-width,attribute_default:pa_wide-width,attribute:pa_width,attribute_data:pa_width,attribute_default:pa_width,attribute:pa_wood,attribute_data:pa_wood,attribute_default:pa_wood,attribute:shipping,attribute_data:shipping,attribute_default:shipping,attribute:sizes,attribute_data:sizes,attribute_default:sizes,attribute:upholstery,attribute_data:upholstery,attribute_default:upholstery
Arte Wallpaper Lotus,arte-wallpaper-lotus,,999517283,"A Japanese display. Lotus, an ode to chinoiserie, takes you on a tour through Japan. This tableau of nature presents birds of paradise, peacocks and lilies.","<h1>Care Code</h1><p><img align=""baseline"" alt=""imageedit 3 5946527801"" height=""137"" src=""https://inspiry.co.nz/wp-content/uploads/2020/09/imageedit_3_5946527801.png"" title=""imageedit 3 5946527801"" width=""130"" /></p><h1>Care CodeGuide</h1><p><span style=""font-size: 1em;"">Careful and regular maintenance is the key to prolonging the life and retaining the appearance of soft furnishings. The following notes are offered as a brief guide on the care and cleaning of wallpaper.<br /><br />Please click </span><strong style=""font-size: 1em;""><a href=""https://inspiry.co.nz/wp-content/uploads/2020/09/Inspiry-Wallpaper-Care-Guide.pdf""><span style=""color:#ff0033;"">here</span><span style=""color:#696969;""> </span></a></strong><span style=""font-size: 1em;"">to download.</span>",publish,,0,10/03/22 14:58,1049,closed,UF-13500-P,,,no,no,,665,,1.3,60,8.5,60,,instock,no,no,,no,taxable,,,no,,,,,,,,https://inspiry.co.nz/wp-content/uploads/2022/03/UF-13500.jpg ! alt : Arte Wallpaper - Lotus - 13500 ! title : Arte Wallpaper - Lotus - 13500 1 ! desc :  ! caption :  | https://inspiry.co.nz/wp-content/uploads/2022/03/UF-13500-1.jpg ! alt : Arte Wallpaper - Lotus - 13500 ! title : Arte Wallpaper - Lotus - 13500 2 ! desc :  ! caption :  | https://inspiry.co.nz/wp-content/uploads/2022/03/UF-13500-2.jpg ! alt : Arte Wallpaper - Lotus - 13500 ! title : Arte Wallpaper - Lotus - 13500 3 ! desc :  ! caption :  | https://inspiry.co.nz/wp-content/uploads/2022/03/UF-13500-3.jpg ! alt : Arte Wallpaper - Lotus - 13500 ! title : Arte Wallpaper - Lotus - 13500 4 ! desc :  ! caption :  | https://inspiry.co.nz/wp-content/uploads/2022/03/UF-13500-4.jpg ! alt :  ! title : UF-13500 ! desc :  ! caption :  | https://inspiry.co.nz/wp-content/uploads/2022/05/UF-13500-5.jpg ! alt :  ! title : UF-13500-5.jpg ! desc :  ! caption :  | https://inspiry.co.nz/wp-content/uploads/2022/03/UF-13500-6.jpg ! alt : Arte Wallpaper Lotus  ! title : Arte Wallpaper Lotus  1 ! desc :  ! caption :  | https://inspiry.co.nz/wp-content/uploads/2022/03/UF-13500-7.jpg ! alt :  ! title : UF-13500 ! desc :  ! caption :  | https://inspiry.co.nz/wp-content/uploads/2022/03/UF-13501.jpg ! alt :  ! title : UF-13501 ! desc :  ! caption :  | https://inspiry.co.nz/wp-content/uploads/2022/03/UF-13501-1.jpg ! alt :  ! title : UF-13501-1 ! desc :  ! caption :  | https://inspiry.co.nz/wp-content/uploads/2022/03/UF-13501-2.jpg ! alt :  ! title : UF-13501-2 ! desc :  ! caption :  | https://inspiry.co.nz/wp-content/uploads/2022/03/UF-13501-3.jpg ! alt :  ! title : UF-13501-3 ! desc :  ! caption :  | https://inspiry.co.nz/wp-content/uploads/2022/03/UF-13501-4.jpg ! alt :  ! title : UF-13501-4 ! desc :  ! caption :  | https://inspiry.co.nz/wp-content/uploads/2022/03/UF-13501-5.jpg ! alt :  ! title : UF-13501 ! desc :  ! caption :  | https://inspiry.co.nz/wp-content/uploads/2022/03/UF-13502.jpg ! alt :  ! title : UF-13502 ! desc :  ! caption :  | https://inspiry.co.nz/wp-content/uploads/2022/03/UF-13502-1.jpg ! alt :  ! title : UF-13502-1 ! desc :  ! caption :  | https://inspiry.co.nz/wp-content/uploads/2022/03/UF-13502-2.jpg ! alt :  ! title : UF-13502-2 ! desc :  ! caption :  | https://inspiry.co.nz/wp-content/uploads/2022/03/UF-13502-3.jpg ! alt :  ! title : UF-13502-3 ! desc :  ! caption :  | https://inspiry.co.nz/wp-content/uploads/2022/03/UF-13502-4.jpg ! alt :  ! title : UF-13502 ! desc :  ! caption : ,,https://inspiry.co.nz/products/arte-wallpaper-lotus/,,,,,,,,,,,,variable,exclude_from_catalog|exclude_from_search,Wallpaper,,Free Shipping,,,,,,yes,,2022-03-12T17:03:15+00:00,,0,,,,,,,,,,,,,,,,,,,,,,,,,,,,,,,,,,,,,,,,,,,,,,,,,,,,,,,,,,,,,,,,,,,,,,,,,,,,,,,,,,,,,,,,,,,,,,Due in 5-7 Days.Order Now!,12|1|0,,,,,,,,,,,,,,,,,,,,,,,,,,,,,,,,,,,,,,Arte Wallpaper,0|1|0,,,,,,,,,,,,,,,,,,,,,,,,,,,,,,,,,,,,,,,,,Curiosa,1|1|0,,,,,13500|13501|13502,2|1|1,,,,,,,,,,,,,,"Back - 100% Paper, Front -100% Vinyl",5|1|0,,,,,,,,,,,,,,,,,,,,,,,,,,,,,,,,,,,,,,,,,Due in 5-7 Days.Order Now!,13|1|0,,,,,,,,,,,Modern Contemporary,3|1|0,,,,,,,,,,,,,,,,,,,,,,,,,,,,,,,,,,,,,,,,,,,,,,,,,,,,,,,,,,,,,,,,,,,,,,,,,,,,,,,,,,,,,,,,,,,,,,,,,,,,,,,,,,,,,,,,,,,,,,,,,,,,,,,,,,,,,,,,,,,,,,,,,,,,,,,,,,,,,,,,,,,,,,,,,,,,,,,,,,,,,,,,,,,,,,,,,,,,,,,,,,,Drop Match,6|1|0,,,,,,,,,,,,,,,,,,,,,,,,,,,,,,,,,,,,,,,,,Belgium,11|1|0,,,,,,,,,,,Animals &amp; Nature,4|1|0,,,,,,,,,,,,,,,,,,,,,,,,,,,,,,,,,,,,,,,,,,,,,,,,,,,,,,,,,,,,,,,,,10.05 Metre,9|1|0,,,,,,,,,,,,,,,,,,,,,,,,,,,,,,,,,,,,,,,,,,,,,,,,,,,,,,,,,,,,,,Roll,10|1|0,,,,,,,,,,,,,,,,,,,,,,,,,,,,,,,,,,,,,,,,,,,,,,,,,,,,,,,,,,,,,,,,,,,,,,,,,,,,,,,,90Cm / 45Cm,7|1|0,,,,,,,,,,,,,,,,,,,,,,,,,,,,,,,,,,,,,,,,,100Cm,8|1|0,,,,,,,,,,,,,
Arte Wallpaper Delight,arte-wallpaper-delight,,999517288,Floral modernity. The flower print of Delight seems to be embroidered and this gives it a vintage look. Floral is a feast for your eyes.,"<h1>Care Code</h1><p><img align=""baseline"" alt=""imageedit 3 5946527801"" height=""137"" src=""https://inspiry.co.nz/wp-content/uploads/2020/09/imageedit_3_5946527801.png"" title=""imageedit 3 5946527801"" width=""130"" /></p><h1>Care CodeGuide</h1><p><span style=""font-size: 1em;"">Careful and regular maintenance is the key to prolonging the life and retaining the appearance of soft furnishings. The following notes are offered as a brief guide on the care and cleaning of wallpaper.<br /><br />Please click </span><strong style=""font-size: 1em;""><a href=""https://inspiry.co.nz/wp-content/uploads/2020/09/Inspiry-Wallpaper-Care-Guide.pdf""><span style=""color:#ff0033;"">here</span><span style=""color:#696969;""> </span></a></strong><span style=""font-size: 1em;"">to download.</span>",publish,,0,10/03/22 14:58,1049,open,UF-13540-P,,,no,no,,513,,1.3,60,8.5,60,,instock,no,no,,no,taxable,,,no,,,,,,,,https://inspiry.co.nz/wp-content/uploads/2022/03/UF-13540.jpg ! alt : Arte Wallpaper - Delight - 13540 ! title : Arte Wallpaper - Delight - 13540 1 ! desc :  ! caption :  | https://inspiry.co.nz/wp-content/uploads/2022/03/UF-13540-1.jpg ! alt : Arte Wallpaper - Delight - 13540 ! title : Arte Wallpaper - Delight - 13540 2 ! desc :  ! caption :  | https://inspiry.co.nz/wp-content/uploads/2022/03/UF-13540-2.jpg ! alt : Arte Wallpaper - Delight - 13540 ! title : Arte Wallpaper - Delight - 13540 3 ! desc :  ! caption :  | https://inspiry.co.nz/wp-content/uploads/2022/03/UF-13540-3.jpg ! alt : Arte Wallpaper - Delight - 13540 ! title : Arte Wallpaper - Delight - 13540 4 ! desc :  ! caption :  | https://inspiry.co.nz/wp-content/uploads/2022/03/UF-13540-4.jpg ! alt :  ! title : UF-13540 ! desc :  ! caption :  | https://inspiry.co.nz/wp-content/uploads/2022/05/UF-13540-5.jpg ! alt :  ! title : UF-13540-5.jpg ! desc :  ! caption :  | https://inspiry.co.nz/wp-content/uploads/2022/03/UF-13540-6.jpg ! alt : Arte Wallpaper Delight  ! title : Arte Wallpaper Delight  1 ! desc :  ! caption :  | https://inspiry.co.nz/wp-content/uploads/2022/03/UF-13540-7.jpg ! alt :  ! title : UF-13540 ! desc :  ! caption :  | https://inspiry.co.nz/wp-content/uploads/2022/03/UF-13541.jpg ! alt :  ! title : UF-13541 ! desc :  ! caption :  | https://inspiry.co.nz/wp-content/uploads/2022/03/UF-13541-1.jpg ! alt :  ! title : UF-13541-1 ! desc :  ! caption :  | https://inspiry.co.nz/wp-content/uploads/2022/03/UF-13541-2.jpg ! alt :  ! title : UF-13541-2 ! desc :  ! caption :  | https://inspiry.co.nz/wp-content/uploads/2022/03/UF-13541-3.jpg ! alt :  ! title : UF-13541-3 ! desc :  ! caption :  | https://inspiry.co.nz/wp-content/uploads/2022/03/UF-13541-4.jpg ! alt :  ! title : UF-13541 ! desc :  ! caption :  | https://inspiry.co.nz/wp-content/uploads/2022/03/UF-13542.jpg ! alt :  ! title : UF-13542 ! desc :  ! caption :  | https://inspiry.co.nz/wp-content/uploads/2022/03/UF-13542-1.jpg ! alt :  ! title : UF-13542-1 ! desc :  ! caption :  | https://inspiry.co.nz/wp-content/uploads/2022/03/UF-13542-2.jpg ! alt :  ! title : UF-13542-2 ! desc :  ! caption :  | https://inspiry.co.nz/wp-content/uploads/2022/03/UF-13542-3.jpg ! alt :  ! title : UF-13542-3 ! desc :  ! caption :  | https://inspiry.co.nz/wp-content/uploads/2022/03/UF-13542-4.jpg ! alt :  ! title : UF-13542 ! desc :  ! caption : ,,https://inspiry.co.nz/products/arte-wallpaper-delight/,,,,,,,,,,,,variable,exclude_from_catalog|exclude_from_search,Wallpaper,,Free Shipping,,,,,,yes,,2022-03-12T17:03:16+00:00,,0,,,,,,,,,,,,,,,,,,,,,,,,,,,,,,,,,,,,,,,,,,,,,,,,,,,,,,,,,,,,,,,,,,,,,,,,,,,,,,,,,,,,,,,,,,,,,,Due in 5-7 Days.Order Now!,12|1|0,,,,,,,,,,,,,,,,,,,,,,,,,,,,,,,,,,,,,,Arte Wallpaper,0|1|0,,,,,,,,,,,,,,,,,,,,,,,,,,,,,,,,,,,,,,,,,Curiosa,1|1|0,,,,,13540|13541|13542,2|1|1,,,,,,,,,,,,,,"Back - Non-Woven, Front -100% Vinyl, Paste The Wall",5|1|0,,,,,,,,,,,,,,,,,,,,,,,,,,,,,,,,,,,,,,,,,Due in 5-7 Days.Order Now!,13|1|0,,,,,,,,,,,Modern Contemporary,3|1|0,,,,,,,,,,,,,,,,,,,,,,,,,,,,,,,,,,,,,,,,,,,,,,,,,,,,,,,,,,,,,,,,,,,,,,,,,,,,,,,,,,,,,,,,,,,,,,,,,,,,,,,,,,,,,,,,,,,,,,,,,,,,,,,,,,,,,,,,,,,,,,,,,,,,,,,,,,,,,,,,,,,,,,,,,,,,,,,,,,,,,,,,,,,,,,,,,,,,,,,,,,,Straight Match,6|1|0,,,,,,,,,,,,,,,,,,,,,,,,,,,,,,,,,,,,,,,,,Belgium,11|1|0,,,,,,,,,,,Animals &amp; Nature,4|1|0,,,,,,,,,,,,,,,,,,,,,,,,,,,,,,,,,,,,,,,,,,,,,,,,,,,,,,,,,,,,,,,,,10.05 Metre,9|1|0,,,,,,,,,,,,,,,,,,,,,,,,,,,,,,,,,,,,,,,,,,,,,,,,,,,,,,,,,,,,,,Roll,10|1|0,,,,,,,,,,,,,,,,,,,,,,,,,,,,,,,,,,,,,,,,,,,,,,,,,,,,,,,,,,,,,,,,,,,,,,,,,,,,,,,,64Cm,7|1|0,,,,,,,,,,,,,,,,,,,,,,,,,,,,,,,,,,,,,,,,,70Cm,8|1|0,,,,,,,,,,,,,
Arte Wallpaper Euphoria,arte-wallpaper-euphoria,,999517293,Eccentric floral splendour. Euphoria is made up of flowers and birds in a distinct style. The colourful mix builds up into an eccentric entity.,"<h1>Care Code</h1><p><img align=""baseline"" alt=""imageedit 3 5946527801"" height=""137"" src=""https://inspiry.co.nz/wp-content/uploads/2020/09/imageedit_3_5946527801.png"" title=""imageedit 3 5946527801"" width=""130"" /></p><h1>Care CodeGuide</h1><p><span style=""font-size: 1em;"">Careful and regular maintenance is the key to prolonging the life and retaining the appearance of soft furnishings. The following notes are offered as a brief guide on the care and cleaning of wallpaper.<br /><br />Please click </span><strong style=""font-size: 1em;""><a href=""https://inspiry.co.nz/wp-content/uploads/2020/09/Inspiry-Wallpaper-Care-Guide.pdf""><span style=""color:#ff0033;"">here</span><span style=""color:#696969;""> </span></a></strong><span style=""font-size: 1em;"">to download.</span>",publish,,0,10/03/22 14:58,1049,open,UF-13550-P,,,no,no,,628,,1.3,60,8.5,60,,instock,no,no,,no,taxable,,,no,,,,,,,,https://inspiry.co.nz/wp-content/uploads/2022/03/UF-13550.jpg ! alt : Arte Wallpaper - Euphoria - 13550 ! title : Arte Wallpaper - Euphoria - 13550 1 ! desc :  ! caption :  | https://inspiry.co.nz/wp-content/uploads/2022/03/UF-13550-1.jpg ! alt : Arte Wallpaper - Euphoria - 13550 ! title : Arte Wallpaper - Euphoria - 13550 2 ! desc :  ! caption :  | https://inspiry.co.nz/wp-content/uploads/2022/03/UF-13550-2.jpg ! alt : Arte Wallpaper - Euphoria - 13550 ! title : Arte Wallpaper - Euphoria - 13550 3 ! desc :  ! caption :  | https://inspiry.co.nz/wp-content/uploads/2022/03/UF-13550-3.jpg ! alt : Arte Wallpaper - Euphoria - 13550 ! title : Arte Wallpaper - Euphoria - 13550 4 ! desc :  ! caption :  | https://inspiry.co.nz/wp-content/uploads/2022/03/UF-13550-4.jpg ! alt :  ! title : UF-13550 ! desc :  ! caption :  | https://inspiry.co.nz/wp-content/uploads/2022/05/UF-13550-5.jpg ! alt :  ! title : UF-13550-5.jpg ! desc :  ! caption :  | https://inspiry.co.nz/wp-content/uploads/2022/03/UF-13550-6.jpg ! alt : Arte Wallpaper Euphoria  ! title : Arte Wallpaper Euphoria  1 ! desc :  ! caption :  | https://inspiry.co.nz/wp-content/uploads/2022/03/UF-13550-7.jpg ! alt :  ! title : UF-13550 ! desc :  ! caption :  | https://inspiry.co.nz/wp-content/uploads/2022/03/UF-13551.jpg ! alt :  ! title : UF-13551 ! desc :  ! caption :  | https://inspiry.co.nz/wp-content/uploads/2022/03/UF-13551-1.jpg ! alt :  ! title : UF-13551-1 ! desc :  ! caption :  | https://inspiry.co.nz/wp-content/uploads/2022/03/UF-13551-2.jpg ! alt :  ! title : UF-13551-2 ! desc :  ! caption :  | https://inspiry.co.nz/wp-content/uploads/2022/03/UF-13551-3.jpg ! alt :  ! title : UF-13551-3 ! desc :  ! caption :  | https://inspiry.co.nz/wp-content/uploads/2022/03/UF-13551-4.jpg ! alt :  ! title : UF-13551 ! desc :  ! caption :  | https://inspiry.co.nz/wp-content/uploads/2022/03/UF-13552.jpg ! alt :  ! title : UF-13552 ! desc :  ! caption :  | https://inspiry.co.nz/wp-content/uploads/2022/03/UF-13552-1.jpg ! alt :  ! title : UF-13552-1 ! desc :  ! caption :  | https://inspiry.co.nz/wp-content/uploads/2022/03/UF-13552-2.jpg ! alt :  ! title : UF-13552-2 ! desc :  ! caption :  | https://inspiry.co.nz/wp-content/uploads/2022/03/UF-13552-3.jpg ! alt :  ! title : UF-13552-3 ! desc :  ! caption :  | https://inspiry.co.nz/wp-content/uploads/2022/03/UF-13552-4.jpg ! alt :  ! title : UF-13552 ! desc :  ! caption : ,,https://inspiry.co.nz/products/arte-wallpaper-euphoria/,,,,,,,,,,,,variable,exclude_from_catalog|exclude_from_search,Wallpaper,,Free Shipping,,,,,,yes,,2022-03-12T17:03:18+00:00,,0,,,,,,,,,,,,,,,,,,,,,,,,,,,,,,,,,,,,,,,,,,,,,,,,,,,,,,,,,,,,,,,,,,,,,,,,,,,,,,,,,,,,,,,,,,,,,,Due in 5-7 Days.Order Now!,12|1|0,,,,,,,,,,,,,,,,,,,,,,,,,,,,,,,,,,,,,,Arte Wallpaper,0|1|0,,,,,,,,,,,,,,,,,,,,,,,,,,,,,,,,,,,,,,,,,Curiosa,1|1|0,,,,,13550|13551|13552,2|1|1,,,,,,,,,,,,,,"Back - 100% Paper, Front -100% Vinyl",5|1|0,,,,,,,,,,,,,,,,,,,,,,,,,,,,,,,,,,,,,,,,,Due in 5-7 Days.Order Now!,13|1|0,,,,,,,,,,,Modern Contemporary,3|1|0,,,,,,,,,,,,,,,,,,,,,,,,,,,,,,,,,,,,,,,,,,,,,,,,,,,,,,,,,,,,,,,,,,,,,,,,,,,,,,,,,,,,,,,,,,,,,,,,,,,,,,,,,,,,,,,,,,,,,,,,,,,,,,,,,,,,,,,,,,,,,,,,,,,,,,,,,,,,,,,,,,,,,,,,,,,,,,,,,,,,,,,,,,,,,,,,,,,,,,,,,,,Drop Match,6|1|0,,,,,,,,,,,,,,,,,,,,,,,,,,,,,,,,,,,,,,,,,Belgium,11|1|0,,,,,,,,,,,Animals &amp; Nature,4|1|0,,,,,,,,,,,,,,,,,,,,,,,,,,,,,,,,,,,,,,,,,,,,,,,,,,,,,,,,,,,,,,,,,10.05 Metre,9|1|0,,,,,,,,,,,,,,,,,,,,,,,,,,,,,,,,,,,,,,,,,,,,,,,,,,,,,,,,,,,,,,Roll,10|1|0,,,,,,,,,,,,,,,,,,,,,,,,,,,,,,,,,,,,,,,,,,,,,,,,,,,,,,,,,,,,,,,,,,,,,,,,,,,,,,,,90Cm / 45Cm,7|1|0,,,,,,,,,,,,,,,,,,,,,,,,,,,,,,,,,,,,,,,,,100Cm,8|1|0,,,,,,,,,,,,,
Arte Wallpaper Scenery,arte-wallpaper-scenery,,999517298,"Picturesque. The picturesque portrait of the Japanese countryside in Scenery seems to be drawn from a history book. Fine architecture, the babbling brook and the different characters combine to create an extremely detailed all-encompassing image that you can spend hours looking at.","<h1>Care Code</h1><p><img align=""baseline"" alt=""imageedit 3 5946527801"" height=""137"" src=""https://inspiry.co.nz/wp-content/uploads/2020/09/imageedit_3_5946527801.png"" title=""imageedit 3 5946527801"" width=""130"" /></p><h1>Care CodeGuide</h1><p><span style=""font-size: 1em;"">Careful and regular maintenance is the key to prolonging the life and retaining the appearance of soft furnishings. The following notes are offered as a brief guide on the care and cleaning of wallpaper.<br /><br />Please click </span><strong style=""font-size: 1em;""><a href=""https://inspiry.co.nz/wp-content/uploads/2020/09/Inspiry-Wallpaper-Care-Guide.pdf""><span style=""color:#ff0033;"">here</span><span style=""color:#696969;""> </span></a></strong><span style=""font-size: 1em;"">to download.</span>",publish,,0,10/03/22 14:58,1049,open,UF-13560-P,,,no,no,,628,,1.3,60,8.5,60,,instock,no,no,,no,taxable,,,no,,,,,,,,https://inspiry.co.nz/wp-content/uploads/2022/03/UF-13560.jpg ! alt : Arte Wallpaper - Scenery - 13560 ! title : Arte Wallpaper - Scenery - 13560 1 ! desc :  ! caption :  | https://inspiry.co.nz/wp-content/uploads/2022/03/UF-13560-1.jpg ! alt : Arte Wallpaper - Scenery - 13560 ! title : Arte Wallpaper - Scenery - 13560 2 ! desc :  ! caption :  | https://inspiry.co.nz/wp-content/uploads/2022/03/UF-13560-2.jpg ! alt : Arte Wallpaper - Scenery - 13560 ! title : Arte Wallpaper - Scenery - 13560 3 ! desc :  ! caption :  | https://inspiry.co.nz/wp-content/uploads/2022/03/UF-13560-3.jpg ! alt : Arte Wallpaper - Scenery - 13560 ! title : Arte Wallpaper - Scenery - 13560 4 ! desc :  ! caption :  | https://inspiry.co.nz/wp-content/uploads/2022/03/UF-13560-4.jpg ! alt :  ! title : UF-13560 ! desc :  ! caption :  | https://inspiry.co.nz/wp-content/uploads/2022/05/UF-13560-5.jpg ! alt :  ! title : UF-13560-5.jpg ! desc :  ! caption :  | https://inspiry.co.nz/wp-content/uploads/2022/03/UF-13560-6.jpg ! alt : Arte Wallpaper Scenery  ! title : Arte Wallpaper Scenery  1 ! desc :  ! caption :  | https://inspiry.co.nz/wp-content/uploads/2022/03/UF-13560-7.jpg ! alt :  ! title : UF-13560 ! desc :  ! caption :  | https://inspiry.co.nz/wp-content/uploads/2022/03/UF-13561.jpg ! alt :  ! title : UF-13561 ! desc :  ! caption :  | https://inspiry.co.nz/wp-content/uploads/2022/03/UF-13561-1.jpg ! alt :  ! title : UF-13561-1 ! desc :  ! caption :  | https://inspiry.co.nz/wp-content/uploads/2022/03/UF-13561-2.jpg ! alt :  ! title : UF-13561-2 ! desc :  ! caption :  | https://inspiry.co.nz/wp-content/uploads/2022/03/UF-13561-3.jpg ! alt :  ! title : UF-13561-3 ! desc :  ! caption :  | https://inspiry.co.nz/wp-content/uploads/2022/03/UF-13561-4.jpg ! alt :  ! title : UF-13561 ! desc :  ! caption :  | https://inspiry.co.nz/wp-content/uploads/2022/03/UF-13562.jpg ! alt :  ! title : UF-13562 ! desc :  ! caption :  | https://inspiry.co.nz/wp-content/uploads/2022/03/UF-13562-1.jpg ! alt :  ! title : UF-13562-1 ! desc :  ! caption :  | https://inspiry.co.nz/wp-content/uploads/2022/03/UF-13562-2.jpg ! alt :  ! title : UF-13562-2 ! desc :  ! caption :  | https://inspiry.co.nz/wp-content/uploads/2022/03/UF-13562-3.jpg ! alt :  ! title : UF-13562-3 ! desc :  ! caption :  | https://inspiry.co.nz/wp-content/uploads/2022/03/UF-13562-4.jpg ! alt :  ! title : UF-13562 ! desc :  ! caption : ,,https://inspiry.co.nz/products/arte-wallpaper-scenery/,,,,,,,,,,,,variable,exclude_from_catalog|exclude_from_search,Wallpaper,,Free Shipping,,,,,,yes,,2022-03-12T17:03:19+00:00,,0,,,,,,,,,,,,,,,,,,,,,,,,,,,,,,,,,,,,,,,,,,,,,,,,,,,,,,,,,,,,,,,,,,,,,,,,,,,,,,,,,,,,,,,,,,,,,,Due in 5-7 Days.Order Now!,12|1|0,,,,,,,,,,,,,,,,,,,,,,,,,,,,,,,,,,,,,,Arte Wallpaper,0|1|0,,,,,,,,,,,,,,,,,,,,,,,,,,,,,,,,,,,,,,,,,Curiosa,1|1|0,,,,,13560|13561|13562,2|1|1,,,,,,,,,,,,,,"Back - 100% Paper, Front -100% Vinyl",5|1|0,,,,,,,,,,,,,,,,,,,,,,,,,,,,,,,,,,,,,,,,,Due in 5-7 Days.Order Now!,13|1|0,,,,,,,,,,,Modern Contemporary,3|1|0,,,,,,,,,,,,,,,,,,,,,,,,,,,,,,,,,,,,,,,,,,,,,,,,,,,,,,,,,,,,,,,,,,,,,,,,,,,,,,,,,,,,,,,,,,,,,,,,,,,,,,,,,,,,,,,,,,,,,,,,,,,,,,,,,,,,,,,,,,,,,,,,,,,,,,,,,,,,,,,,,,,,,,,,,,,,,,,,,,,,,,,,,,,,,,,,,,,,,,,,,,,Straight Match,6|1|0,,,,,,,,,,,,,,,,,,,,,,,,,,,,,,,,,,,,,,,,,Belgium,11|1|0,,,,,,,,,,,Animals &amp; Nature,4|1|0,,,,,,,,,,,,,,,,,,,,,,,,,,,,,,,,,,,,,,,,,,,,,,,,,,,,,,,,,,,,,,,,,10.05 Metre,9|1|0,,,,,,,,,,,,,,,,,,,,,,,,,,,,,,,,,,,,,,,,,,,,,,,,,,,,,,,,,,,,,,Roll,10|1|0,,,,,,,,,,,,,,,,,,,,,,,,,,,,,,,,,,,,,,,,,,,,,,,,,,,,,,,,,,,,,,,,,,,,,,,,,,,,,,,,90Cm,7|1|0,,,,,,,,,,,,,,,,,,,,,,,,,,,,,,,,,,,,,,,,,100Cm,8|1|0,,,,,,,,,,,,,
Arte Wallpaper Arcadia,arte-wallpaper-arcadia,,999517303,"Paradise. Parrots look beautiful in their natural surroundings, where their colours can really be shown off to the best effect. The birds of paradise flowers in Arcadia provide the perfect finishing touch","<h1>Care Code</h1><p><img align=""baseline"" alt=""imageedit 3 5946527801"" height=""137"" src=""https://inspiry.co.nz/wp-content/uploads/2020/09/imageedit_3_5946527801.png"" title=""imageedit 3 5946527801"" width=""130"" /></p><h1>Care CodeGuide</h1><p><span style=""font-size: 1em;"">Careful and regular maintenance is the key to prolonging the life and retaining the appearance of soft furnishings. The following notes are offered as a brief guide on the care and cleaning of wallpaper.<br /><br />Please click </span><strong style=""font-size: 1em;""><a href=""https://inspiry.co.nz/wp-content/uploads/2020/09/Inspiry-Wallpaper-Care-Guide.pdf""><span style=""color:#ff0033;"">here</span><span style=""color:#696969;""> </span></a></strong><span style=""font-size: 1em;"">to download.</span>",publish,,0,10/03/22 14:58,1049,open,UF-13570-P,,,no,no,,628,,1.3,60,8.5,60,,instock,no,no,,no,taxable,,,no,,,,,,,,https://inspiry.co.nz/wp-content/uploads/2022/03/UF-13570.jpg ! alt : Arte Wallpaper - Arcadia - 13570 ! title : Arte Wallpaper - Arcadia - 13570 1 ! desc :  ! caption :  | https://inspiry.co.nz/wp-content/uploads/2022/03/UF-13570-1.jpg ! alt : Arte Wallpaper - Arcadia - 13570 ! title : Arte Wallpaper - Arcadia - 13570 2 ! desc :  ! caption :  | https://inspiry.co.nz/wp-content/uploads/2022/03/UF-13570-2.jpg ! alt : Arte Wallpaper - Arcadia - 13570 ! title : Arte Wallpaper - Arcadia - 13570 3 ! desc :  ! caption :  | https://inspiry.co.nz/wp-content/uploads/2022/03/UF-13570-3.jpg ! alt : Arte Wallpaper - Arcadia - 13570 ! title : Arte Wallpaper - Arcadia - 13570 4 ! desc :  ! caption :  | https://inspiry.co.nz/wp-content/uploads/2022/03/UF-13570-4.jpg ! alt :  ! title : UF-13570 ! desc :  ! caption :  | https://inspiry.co.nz/wp-content/uploads/2022/05/UF-13570-5.jpg ! alt :  ! title : UF-13570-5.jpg ! desc :  ! caption :  | https://inspiry.co.nz/wp-content/uploads/2022/03/UF-13570-6.jpg ! alt : Arte Wallpaper Arcadia  ! title : Arte Wallpaper Arcadia  1 ! desc :  ! caption :  | https://inspiry.co.nz/wp-content/uploads/2022/03/UF-13570-7.jpg ! alt :  ! title : UF-13570 ! desc :  ! caption :  | https://inspiry.co.nz/wp-content/uploads/2022/03/UF-13571.jpg ! alt :  ! title : UF-13571 ! desc :  ! caption :  | https://inspiry.co.nz/wp-content/uploads/2022/03/UF-13571-1.jpg ! alt :  ! title : UF-13571-1 ! desc :  ! caption :  | https://inspiry.co.nz/wp-content/uploads/2022/03/UF-13571-2.jpg ! alt :  ! title : UF-13571-2 ! desc :  ! caption :  | https://inspiry.co.nz/wp-content/uploads/2022/03/UF-13571-3.jpg ! alt :  ! title : UF-13571-3 ! desc :  ! caption :  | https://inspiry.co.nz/wp-content/uploads/2022/03/UF-13571-4.jpg ! alt :  ! title : UF-13571 ! desc :  ! caption :  | https://inspiry.co.nz/wp-content/uploads/2022/03/UF-13572.jpg ! alt :  ! title : UF-13572 ! desc :  ! caption :  | https://inspiry.co.nz/wp-content/uploads/2022/03/UF-13572-1.jpg ! alt :  ! title : UF-13572-1 ! desc :  ! caption :  | https://inspiry.co.nz/wp-content/uploads/2022/03/UF-13572-2.jpg ! alt :  ! title : UF-13572-2 ! desc :  ! caption :  | https://inspiry.co.nz/wp-content/uploads/2022/03/UF-13572-3.jpg ! alt :  ! title : UF-13572-3 ! desc :  ! caption :  | https://inspiry.co.nz/wp-content/uploads/2022/03/UF-13572-4.jpg ! alt :  ! title : UF-13572 ! desc :  ! caption : ,,https://inspiry.co.nz/products/arte-wallpaper-arcadia/,,,,,,,,,,,,variable,exclude_from_catalog|exclude_from_search,Wallpaper,,Free Shipping,,,,,,yes,,2022-03-12T17:03:21+00:00,,0,,,,,,,,,,,,,,,,,,,,,,,,,,,,,,,,,,,,,,,,,,,,,,,,,,,,,,,,,,,,,,,,,,,,,,,,,,,,,,,,,,,,,,,,,,,,,,Due in 5-7 Days.Order Now!,12|1|0,,,,,,,,,,,,,,,,,,,,,,,,,,,,,,,,,,,,,,Arte Wallpaper,0|1|0,,,,,,,,,,,,,,,,,,,,,,,,,,,,,,,,,,,,,,,,,Curiosa,1|1|0,,,,,13570|13571|13572,2|1|1,,,,,,,,,,,,,,"Back - 100% Paper, Front -100% Vinyl",5|1|0,,,,,,,,,,,,,,,,,,,,,,,,,,,,,,,,,,,,,,,,,Due in 5-7 Days.Order Now!,13|1|0,,,,,,,,,,,Modern Contemporary,3|1|0,,,,,,,,,,,,,,,,,,,,,,,,,,,,,,,,,,,,,,,,,,,,,,,,,,,,,,,,,,,,,,,,,,,,,,,,,,,,,,,,,,,,,,,,,,,,,,,,,,,,,,,,,,,,,,,,,,,,,,,,,,,,,,,,,,,,,,,,,,,,,,,,,,,,,,,,,,,,,,,,,,,,,,,,,,,,,,,,,,,,,,,,,,,,,,,,,,,,,,,,,,,Straight Match,6|1|0,,,,,,,,,,,,,,,,,,,,,,,,,,,,,,,,,,,,,,,,,Belgium,11|1|0,,,,,,,,,,,Animals &amp; Nature,4|1|0,,,,,,,,,,,,,,,,,,,,,,,,,,,,,,,,,,,,,,,,,,,,,,,,,,,,,,,,,,,,,,,,,10.05 Metre,9|1|0,,,,,,,,,,,,,,,,,,,,,,,,,,,,,,,,,,,,,,,,,,,,,,,,,,,,,,,,,,,,,,Roll,10|1|0,,,,,,,,,,,,,,,,,,,,,,,,,,,,,,,,,,,,,,,,,,,,,,,,,,,,,,,,,,,,,,,,,,,,,,,,,,,,,,,,90Cm,7|1|0,,,,,,,,,,,,,,,,,,,,,,,,,,,,,,,,,,,,,,,,,100Cm,8|1|0,,,,,,,,,,,,,
Arte Wallpaper Plaza,arte-wallpaper-plaza,,999517308,"This wallcovering has the authentic look of soft, luxurious leather, complete with its natural nuances and irregularities. The hand-stitched leather details contribute to the realistic look of this refined wallpaper. The use of extra-heavy vinyl was essential for obtaining the realistic texture and the feel of genuine leather. A playful version of Alma. In this design, different colours have been combined into a rhythmic pattern. The colour combination makes this wallpaper a real eye-catcher, while the uniform repetition ensures that the overall effect is not too busy or cluttered. The alternation of the colours gives the suggestion of a woven piece of work.","<h1>Care Code</h1><p><img align=""baseline"" alt=""imageedit 3 5946527801"" height=""137"" src=""https://inspiry.co.nz/wp-content/uploads/2020/09/imageedit_3_5946527801.png"" title=""imageedit 3 5946527801"" width=""130"" /></p><h1>Care CodeGuide</h1><p><span style=""font-size: 1em;"">Careful and regular maintenance is the key to prolonging the life and retaining the appearance of soft furnishings. The following notes are offered as a brief guide on the care and cleaning of wallpaper.<br /><br />Please click </span><strong style=""font-size: 1em;""><a href=""https://inspiry.co.nz/wp-content/uploads/2020/09/Inspiry-Wallpaper-Care-Guide.pdf""><span style=""color:#ff0033;"">here</span><span style=""color:#696969;""> </span></a></strong><span style=""font-size: 1em;"">to download.</span>",publish,,0,10/03/22 14:58,1049,open,UF-21000-P,,,no,no,,890,,1.3,60,8.5,60,,instock,no,no,,no,taxable,,,no,,,,,,,,https://inspiry.co.nz/wp-content/uploads/2022/03/UF-21000.jpg ! alt : Arte Wallpaper - Plaza - 21000 ! title : Arte Wallpaper - Plaza - 21000 1 ! desc :  ! caption :  | https://inspiry.co.nz/wp-content/uploads/2022/03/UF-21000-1.jpg ! alt : Arte Wallpaper - Plaza - 21000 ! title : Arte Wallpaper - Plaza - 21000 2 ! desc :  ! caption :  | https://inspiry.co.nz/wp-content/uploads/2022/03/UF-21000-2.jpg ! alt : Arte Wallpaper - Plaza - 21000 ! title : Arte Wallpaper - Plaza - 21000 3 ! desc :  ! caption :  | https://inspiry.co.nz/wp-content/uploads/2022/03/UF-21000-3.jpg ! alt : Arte Wallpaper - Plaza - 21000 ! title : Arte Wallpaper - Plaza - 21000 4 ! desc :  ! caption :  | https://inspiry.co.nz/wp-content/uploads/2022/03/UF-21000-4.jpg ! alt :  ! title : UF-21000 ! desc :  ! caption :  | https://inspiry.co.nz/wp-content/uploads/2022/05/UF-21000-5.jpg ! alt :  ! title : UF-21000-5.jpg ! desc :  ! caption :  | https://inspiry.co.nz/wp-content/uploads/2022/03/UF-21000-6.jpg ! alt : Arte Wallpaper Plaza  ! title : Arte Wallpaper Plaza  1 ! desc :  ! caption :  | https://inspiry.co.nz/wp-content/uploads/2022/03/UF-21000-7.jpg ! alt :  ! title : UF-21000 ! desc :  ! caption :  | https://inspiry.co.nz/wp-content/uploads/2022/03/UF-21001.jpg ! alt :  ! title : UF-21001 ! desc :  ! caption :  | https://inspiry.co.nz/wp-content/uploads/2022/03/UF-21001-1.jpg ! alt :  ! title : UF-21001-1 ! desc :  ! caption :  | https://inspiry.co.nz/wp-content/uploads/2022/03/UF-21001-2.jpg ! alt :  ! title : UF-21001-2 ! desc :  ! caption :  | https://inspiry.co.nz/wp-content/uploads/2022/03/UF-21001-3.jpg ! alt :  ! title : UF-21001-3 ! desc :  ! caption :  | https://inspiry.co.nz/wp-content/uploads/2022/03/UF-21001-4.jpg ! alt :  ! title : UF-21001 ! desc :  ! caption :  | https://inspiry.co.nz/wp-content/uploads/2022/03/UF-21002.jpg ! alt :  ! title : UF-21002 ! desc :  ! caption :  | https://inspiry.co.nz/wp-content/uploads/2022/03/UF-21002-1.jpg ! alt :  ! title : UF-21002-1 ! desc :  ! caption :  | https://inspiry.co.nz/wp-content/uploads/2022/03/UF-21002-2.jpg ! alt :  ! title : UF-21002-2 ! desc :  ! caption :  | https://inspiry.co.nz/wp-content/uploads/2022/03/UF-21002-3.jpg ! alt :  ! title : UF-21002-3 ! desc :  ! caption :  | https://inspiry.co.nz/wp-content/uploads/2022/03/UF-21002-4.jpg ! alt :  ! title : UF-21002 ! desc :  ! caption :  | https://inspiry.co.nz/wp-content/uploads/2022/03/UF-21003.jpg ! alt :  ! title : UF-21003 ! desc :  ! caption :  | https://inspiry.co.nz/wp-content/uploads/2022/03/UF-21003-1.jpg ! alt :  ! title : UF-21003-1 ! desc :  ! caption :  | https://inspiry.co.nz/wp-content/uploads/2022/03/UF-21003-2.jpg ! alt :  ! title : UF-21003-2 ! desc :  ! caption :  | https://inspiry.co.nz/wp-content/uploads/2022/03/UF-21003-3.jpg ! alt :  ! title : UF-21003-3 ! desc :  ! caption :  | https://inspiry.co.nz/wp-content/uploads/2022/03/UF-21003-4.jpg ! alt :  ! title : UF-21003 ! desc :  ! caption :  | https://inspiry.co.nz/wp-content/uploads/2022/03/UF-21004.jpg ! alt :  ! title : UF-21004 ! desc :  ! caption :  | https://inspiry.co.nz/wp-content/uploads/2022/03/UF-21004-1.jpg ! alt :  ! title : UF-21004-1 ! desc :  ! caption :  | https://inspiry.co.nz/wp-content/uploads/2022/03/UF-21004-2.jpg ! alt :  ! title : UF-21004-2 ! desc :  ! caption :  | https://inspiry.co.nz/wp-content/uploads/2022/03/UF-21004-3.jpg ! alt :  ! title : UF-21004-3 ! desc :  ! caption :  | https://inspiry.co.nz/wp-content/uploads/2022/03/UF-21004-4.jpg ! alt :  ! title : UF-21004 ! desc :  ! caption : ,,https://inspiry.co.nz/products/arte-wallpaper-plaza/,,,,,,,,,,,,variable,exclude_from_catalog|exclude_from_search,Wallpaper,,Free Shipping,,,,,,yes,,2022-03-12T17:03:23+00:00,,0,,,,,,,,,,,,,,,,,,,,,,,,,,,,,,,,,,,,,,,,,,,,,,,,,,,,,,,,,,,,,,,,,,,,,,,,,,,,,,,,,,,,,,,,,,,,,,Due in 5-7 Days.Order Now!,12|1|0,,,,,,,,,,,,,,,,,,,,,,,,,,,,,,,,,,,,,,Arte Wallpaper,0|1|0,,,,,,,,,,,,,,,,,,,,,,,,,,,,,,,,,,,,,,,,,Atelier,1|1|0,,,,,21000|21001|21002|21003|21004,2|1|1,,,,,,,,,,,,,,"Back - Non-Woven, Front -100% Polyester, Paste The Wall",5|1|0,,,,,,,,,,,,,,,,,,,,,,,,,,,,,,,,,,,,,,,,,Due in 5-7 Days.Order Now!,13|1|0,,,,,,,,,,,Modern Contemporary,3|1|0,,,,,,,,,,,,,,,,,,,,,,,,,,,,,,,,,,,,,,,,,,,,,,,,,,,,,,,,,,,,,,,,,,,,,,,,,,,,,,,,,,,,,,,,,,,,,,,,,,,,,,,,,,,,,,,,,,,,,,,,,,,,,,,,,,,,,,,,,,,,,,,,,,,,,,,,,,,,,,,,,,,,,,,,,,,,,,,,,,,,,,,,,,,,,,,,,,,,,,,,,,,Straight Match,6|1|0,,,,,,,,,,,,,,,,,,,,,,,,,,,,,,,,,,,,,,,,,Belgium,11|1|0,,,,,,,,,,,Motif,4|1|0,,,,,,,,,,,,,,,,,,,,,,,,,,,,,,,,,,,,,,,,,,,,,,,,,,,,,,,,,,,,,,,,,10.05 Metre,9|1|0,,,,,,,,,,,,,,,,,,,,,,,,,,,,,,,,,,,,,,,,,,,,,,,,,,,,,,,,,,,,,,Roll,10|1|0,,,,,,,,,,,,,,,,,,,,,,,,,,,,,,,,,,,,,,,,,,,,,,,,,,,,,,,,,,,,,,,,,,,,,,,,,,,,,,,,15.3Cm,7|1|0,,,,,,,,,,,,,,,,,,,,,,,,,,,,,,,,,,,,,,,,,95Cm,8|1|0,,,,,,,,,,,,,
Arte Wallpaper Alma,arte-wallpaper-alma,,999517313,"This wallcovering has the authentic look of soft, luxurious leather, complete with its natural nuances and irregularities. The hand-stitched leather details contribute to the realistic look of this refined wallpaper. The use of extra-heavy vinyl was essential for obtaining the realistic texture and the feel of genuine leather. Two variants with the authentic look of soft, luxurious leather, complete with its natural nuances and irregularities. The hand-stitched leather details contribute to the realistic look of this refined wallpaper.","<h1>Care Code</h1><p><img align=""baseline"" alt=""imageedit 3 5946527801"" height=""137"" src=""https://inspiry.co.nz/wp-content/uploads/2020/09/imageedit_3_5946527801.png"" title=""imageedit 3 5946527801"" width=""130"" /></p><h1>Care CodeGuide</h1><p><span style=""font-size: 1em;"">Careful and regular maintenance is the key to prolonging the life and retaining the appearance of soft furnishings. The following notes are offered as a brief guide on the care and cleaning of wallpaper.<br /><br />Please click </span><strong style=""font-size: 1em;""><a href=""https://inspiry.co.nz/wp-content/uploads/2020/09/Inspiry-Wallpaper-Care-Guide.pdf""><span style=""color:#ff0033;"">here</span><span style=""color:#696969;""> </span></a></strong><span style=""font-size: 1em;"">to download.</span>",publish,,0,10/03/22 14:58,1049,open,UF-21010-P,,,no,no,,856,,1.3,60,8.5,60,,instock,no,no,,no,taxable,,,no,,,,,,,,https://inspiry.co.nz/wp-content/uploads/2022/03/UF-21010.jpg ! alt : Arte Wallpaper - Alma - 21010 ! title : Arte Wallpaper - Alma - 21010 1 ! desc :  ! caption :  | https://inspiry.co.nz/wp-content/uploads/2022/03/UF-21010-1.jpg ! alt : Arte Wallpaper - Alma - 21010 ! title : Arte Wallpaper - Alma - 21010 2 ! desc :  ! caption :  | https://inspiry.co.nz/wp-content/uploads/2022/03/UF-21010-2.jpg ! alt : Arte Wallpaper - Alma - 21010 ! title : Arte Wallpaper - Alma - 21010 3 ! desc :  ! caption :  | https://inspiry.co.nz/wp-content/uploads/2022/03/UF-21010-3.jpg ! alt : Arte Wallpaper - Alma - 21010 ! title : Arte Wallpaper - Alma - 21010 4 ! desc :  ! caption :  | https://inspiry.co.nz/wp-content/uploads/2022/03/UF-21010-4.jpg ! alt :  ! title : UF-21010 ! desc :  ! caption :  | https://inspiry.co.nz/wp-content/uploads/2022/05/UF-21010-5.jpg ! alt :  ! title : UF-21010-5.jpg ! desc :  ! caption :  | https://inspiry.co.nz/wp-content/uploads/2022/03/UF-21010-6.jpg ! alt : Arte Wallpaper Alma  ! title : Arte Wallpaper Alma  1 ! desc :  ! caption :  | https://inspiry.co.nz/wp-content/uploads/2022/03/UF-21010-7.jpg ! alt :  ! title : UF-21010 ! desc :  ! caption :  | https://inspiry.co.nz/wp-content/uploads/2022/03/UF-21011.jpg ! alt :  ! title : UF-21011 ! desc :  ! caption :  | https://inspiry.co.nz/wp-content/uploads/2022/03/UF-21011-1.jpg ! alt :  ! title : UF-21011-1 ! desc :  ! caption :  | https://inspiry.co.nz/wp-content/uploads/2022/03/UF-21011-2.jpg ! alt :  ! title : UF-21011-2 ! desc :  ! caption :  | https://inspiry.co.nz/wp-content/uploads/2022/03/UF-21011-3.jpg ! alt :  ! title : UF-21011-3 ! desc :  ! caption :  | https://inspiry.co.nz/wp-content/uploads/2022/03/UF-21011-4.jpg ! alt :  ! title : UF-21011 ! desc :  ! caption :  | https://inspiry.co.nz/wp-content/uploads/2022/03/UF-21012.jpg ! alt :  ! title : UF-21012 ! desc :  ! caption :  | https://inspiry.co.nz/wp-content/uploads/2022/03/UF-21012-1.jpg ! alt :  ! title : UF-21012-1 ! desc :  ! caption :  | https://inspiry.co.nz/wp-content/uploads/2022/03/UF-21012-2.jpg ! alt :  ! title : UF-21012-2 ! desc :  ! caption :  | https://inspiry.co.nz/wp-content/uploads/2022/03/UF-21012-3.jpg ! alt :  ! title : UF-21012-3 ! desc :  ! caption :  | https://inspiry.co.nz/wp-content/uploads/2022/03/UF-21012-4.jpg ! alt :  ! title : UF-21012 ! desc :  ! caption :  | https://inspiry.co.nz/wp-content/uploads/2022/03/UF-21013.jpg ! alt :  ! title : UF-21013 ! desc :  ! caption :  | https://inspiry.co.nz/wp-content/uploads/2022/03/UF-21013-1.jpg ! alt :  ! title : UF-21013-1 ! desc :  ! caption :  | https://inspiry.co.nz/wp-content/uploads/2022/03/UF-21013-2.jpg ! alt :  ! title : UF-21013-2 ! desc :  ! caption :  | https://inspiry.co.nz/wp-content/uploads/2022/03/UF-21013-3.jpg ! alt :  ! title : UF-21013-3 ! desc :  ! caption :  | https://inspiry.co.nz/wp-content/uploads/2022/03/UF-21013-4.jpg ! alt :  ! title : UF-21013 ! desc :  ! caption :  | https://inspiry.co.nz/wp-content/uploads/2022/03/UF-21014.jpg ! alt :  ! title : UF-21014 ! desc :  ! caption :  | https://inspiry.co.nz/wp-content/uploads/2022/03/UF-21014-1.jpg ! alt :  ! title : UF-21014-1 ! desc :  ! caption :  | https://inspiry.co.nz/wp-content/uploads/2022/03/UF-21014-2.jpg ! alt :  ! title : UF-21014-2 ! desc :  ! caption :  | https://inspiry.co.nz/wp-content/uploads/2022/03/UF-21014-3.jpg ! alt :  ! title : UF-21014-3 ! desc :  ! caption :  | https://inspiry.co.nz/wp-content/uploads/2022/03/UF-21014-4.jpg ! alt :  ! title : UF-21014 ! desc :  ! caption :  | https://inspiry.co.nz/wp-content/uploads/2022/03/UF-21015.jpg ! alt :  ! title : UF-21015 ! desc :  ! caption :  | https://inspiry.co.nz/wp-content/uploads/2022/03/UF-21015-1.jpg ! alt :  ! title : UF-21015-1 ! desc :  ! caption :  | https://inspiry.co.nz/wp-content/uploads/2022/03/UF-21015-2.jpg ! alt :  ! title : UF-21015-2 ! desc :  ! caption :  | https://inspiry.co.nz/wp-content/uploads/2022/03/UF-21015-3.jpg ! alt :  ! title : UF-21015-3 ! desc :  ! caption :  | https://inspiry.co.nz/wp-content/uploads/2022/03/UF-21015-4.jpg ! alt :  ! title : UF-21015 ! desc :  ! caption :  | https://inspiry.co.nz/wp-content/uploads/2022/03/UF-21016.jpg ! alt :  ! title : UF-21016 ! desc :  ! caption :  | https://inspiry.co.nz/wp-content/uploads/2022/03/UF-21016-1.jpg ! alt :  ! title : UF-21016-1 ! desc :  ! caption :  | https://inspiry.co.nz/wp-content/uploads/2022/03/UF-21016-2.jpg ! alt :  ! title : UF-21016-2 ! desc :  ! caption :  | https://inspiry.co.nz/wp-content/uploads/2022/03/UF-21016-3.jpg ! alt :  ! title : UF-21016-3 ! desc :  ! caption :  | https://inspiry.co.nz/wp-content/uploads/2022/03/UF-21016-4.jpg ! alt :  ! title : UF-21016 ! desc :  ! caption :  | https://inspiry.co.nz/wp-content/uploads/2022/03/UF-21017.jpg ! alt :  ! title : UF-21017 ! desc :  ! caption :  | https://inspiry.co.nz/wp-content/uploads/2022/03/UF-21017-1.jpg ! alt :  ! title : UF-21017-1 ! desc :  ! caption :  | https://inspiry.co.nz/wp-content/uploads/2022/03/UF-21017-2.jpg ! alt :  ! title : UF-21017-2 ! desc :  ! caption :  | https://inspiry.co.nz/wp-content/uploads/2022/03/UF-21017-3.jpg ! alt :  ! title : UF-21017-3 ! desc :  ! caption :  | https://inspiry.co.nz/wp-content/uploads/2022/03/UF-21017-4.jpg ! alt :  ! title : UF-21017 ! desc :  ! caption :  | https://inspiry.co.nz/wp-content/uploads/2022/03/UF-21018.jpg ! alt :  ! title : UF-21018 ! desc :  ! caption :  | https://inspiry.co.nz/wp-content/uploads/2022/03/UF-21018-1.jpg ! alt :  ! title : UF-21018-1 ! desc :  ! caption :  | https://inspiry.co.nz/wp-content/uploads/2022/03/UF-21018-2.jpg ! alt :  ! title : UF-21018-2 ! desc :  ! caption :  | https://inspiry.co.nz/wp-content/uploads/2022/03/UF-21018-3.jpg ! alt :  ! title : UF-21018-3 ! desc :  ! caption :  | https://inspiry.co.nz/wp-content/uploads/2022/03/UF-21018-4.jpg ! alt :  ! title : UF-21018 ! desc :  ! caption :  | https://inspiry.co.nz/wp-content/uploads/2022/03/UF-21019.jpg ! alt :  ! title : UF-21019 ! desc :  ! caption :  | https://inspiry.co.nz/wp-content/uploads/2022/03/UF-21019-1.jpg ! alt :  ! title : UF-21019-1 ! desc :  ! caption :  | https://inspiry.co.nz/wp-content/uploads/2022/03/UF-21019-2.jpg ! alt :  ! title : UF-21019-2 ! desc :  ! caption :  | https://inspiry.co.nz/wp-content/uploads/2022/03/UF-21019-3.jpg ! alt :  ! title : UF-21019-3 ! desc :  ! caption :  | https://inspiry.co.nz/wp-content/uploads/2022/03/UF-21019-4.jpg ! alt :  ! title : UF-21019 ! desc :  ! caption :  | https://inspiry.co.nz/wp-content/uploads/2022/03/UF-21020.jpg ! alt :  ! title : UF-21020 ! desc :  ! caption :  | https://inspiry.co.nz/wp-content/uploads/2022/03/UF-21020-1.jpg ! alt :  ! title : UF-21020-1 ! desc :  ! caption :  | https://inspiry.co.nz/wp-content/uploads/2022/03/UF-21020-2.jpg ! alt :  ! title : UF-21020-2 ! desc :  ! caption :  | https://inspiry.co.nz/wp-content/uploads/2022/03/UF-21020-3.jpg ! alt :  ! title : UF-21020-3 ! desc :  ! caption :  | https://inspiry.co.nz/wp-content/uploads/2022/03/UF-21020-4.jpg ! alt :  ! title : UF-21020 ! desc :  ! caption :  | https://inspiry.co.nz/wp-content/uploads/2022/03/UF-21021.jpg ! alt :  ! title : UF-21021 ! desc :  ! caption :  | https://inspiry.co.nz/wp-content/uploads/2022/03/UF-21021-1.jpg ! alt :  ! title : UF-21021-1 ! desc :  ! caption :  | https://inspiry.co.nz/wp-content/uploads/2022/03/UF-21021-2.jpg ! alt :  ! title : UF-21021-2 ! desc :  ! caption :  | https://inspiry.co.nz/wp-content/uploads/2022/03/UF-21021-3.jpg ! alt :  ! title : UF-21021-3 ! desc :  ! caption :  | https://inspiry.co.nz/wp-content/uploads/2022/03/UF-21021-4.jpg ! alt :  ! title : UF-21021 ! desc :  ! caption : ,,https://inspiry.co.nz/products/arte-wallpaper-alma/,,,,,,,,,,,,variable,exclude_from_catalog|exclude_from_search,Wallpaper,,Free Shipping,,,,,,yes,,2022-03-12T17:03:27+00:00,,0,,,,,,,,,,,,,,,,,,,,,,,,,,,,,,,,,,,,,,,,,,,,,,,,,,,,,,,,,,,,,,,,,,,,,,,,,,,,,,,,,,,,,,,,,,,,,,Due in 5-7 Days.Order Now!,12|1|0,,,,,,,,,,,,,,,,,,,,,,,,,,,,,,,,,,,,,,Arte Wallpaper,0|1|0,,,,,,,,,,,,,,,,,,,,,,,,,,,,,,,,,,,,,,,,,Atelier,1|1|0,,,,,21010|21011|21012|21013|21014|21015|21016|21017|21018|21019|21020|21021,2|1|1,,,,,,,,,,,,,,"Back - Non-Woven, Front -100% Vinyl, Paste The Wall",5|1|0,,,,,,,,,,,,,,,,,,,,,,,,,,,,,,,,,,,,,,,,,Due in 5-7 Days.Order Now!,13|1|0,,,,,,,,,,,Modern Contemporary,3|1|0,,,,,,,,,,,,,,,,,,,,,,,,,,,,,,,,,,,,,,,,,,,,,,,,,,,,,,,,,,,,,,,,,,,,,,,,,,,,,,,,,,,,,,,,,,,,,,,,,,,,,,,,,,,,,,,,,,,,,,,,,,,,,,,,,,,,,,,,,,,,,,,,,,,,,,,,,,,,,,,,,,,,,,,,,,,,,,,,,,,,,,,,,,,,,,,,,,,,,,,,,,,Straight Match,6|1|0,,,,,,,,,,,,,,,,,,,,,,,,,,,,,,,,,,,,,,,,,Belgium,11|1|0,,,,,,,,,,,Motif,4|1|0,,,,,,,,,,,,,,,,,,,,,,,,,,,,,,,,,,,,,,,,,,,,,,,,,,,,,,,,,,,,,,,,,10.05 Metre,9|1|0,,,,,,,,,,,,,,,,,,,,,,,,,,,,,,,,,,,,,,,,,,,,,,,,,,,,,,,,,,,,,,Roll,10|1|0,,,,,,,,,,,,,,,,,,,,,,,,,,,,,,,,,,,,,,,,,,,,,,,,,,,,,,,,,,,,,,,,,,,,,,,,,,,,,,,,5.1Cm,7|1|0,,,,,,,,,,,,,,,,,,,,,,,,,,,,,,,,,,,,,,,,,100Cm,8|1|0,,,,,,,,,,,,,
Arte Wallpaper Odeon,arte-wallpaper-odeon,,999517318,"This wallcovering has the authentic look of soft, luxurious leather, complete with its natural nuances and irregularities. The hand-stitched leather details contribute to the realistic look of this refined wallpaper. The use of extra-heavy vinyl was essential for obtaining the realistic texture and the feel of genuine leather. An inspiring pattern with clear, pronounced shapes and a tense interaction between blocks of circles. Just like the Cosma pattern, it is based on a functional and minimalist design from the Bauhaus period.","<h1>Care Code</h1><p><img align=""baseline"" alt=""imageedit 3 5946527801"" height=""137"" src=""https://inspiry.co.nz/wp-content/uploads/2020/09/imageedit_3_5946527801.png"" title=""imageedit 3 5946527801"" width=""130"" /></p><h1>Care CodeGuide</h1><p><span style=""font-size: 1em;"">Careful and regular maintenance is the key to prolonging the life and retaining the appearance of soft furnishings. The following notes are offered as a brief guide on the care and cleaning of wallpaper.<br /><br />Please click </span><strong style=""font-size: 1em;""><a href=""https://inspiry.co.nz/wp-content/uploads/2020/09/Inspiry-Wallpaper-Care-Guide.pdf""><span style=""color:#ff0033;"">here</span><span style=""color:#696969;""> </span></a></strong><span style=""font-size: 1em;"">to download.</span>",publish,,0,10/03/22 14:59,1049,open,UF-21030-P,,,no,no,,906,,1.3,60,8.5,60,,instock,no,no,,no,taxable,,,no,,,,,,,,https://inspiry.co.nz/wp-content/uploads/2022/03/UF-21030-6.jpg ! alt : Arte Wallpaper Odeon  ! title : Arte Wallpaper Odeon  1 ! desc :  ! caption :  | https://inspiry.co.nz/wp-content/uploads/2022/03/UF-21030-1-3.jpg ! alt : Arte Wallpaper Odeon  ! title : Arte Wallpaper Odeon  2 ! desc :  ! caption :  | https://inspiry.co.nz/wp-content/uploads/2022/03/UF-21030-2-3.jpg ! alt : Arte Wallpaper Odeon  ! title : Arte Wallpaper Odeon  3 ! desc :  ! caption :  | https://inspiry.co.nz/wp-content/uploads/2022/03/UF-21030-3-3.jpg ! alt : Arte Wallpaper Odeon  ! title : Arte Wallpaper Odeon  4 ! desc :  ! caption : ,,https://inspiry.co.nz/products/arte-wallpaper-odeon/,,,,,,,,,,,,variable,exclude_from_catalog|exclude_from_search,Wallpaper,,Free Shipping,,,,,,yes,,2022-03-12T17:03:29+00:00,,0,,,,,,,,,,,,,,,,,,,,,,,,,,,,,,,,,,,,,,,,,,,,,,,,,,,,,,,,,,,,,,,,,,,,,,,,,,,,,,,,,,,,,,,,,,,,,,Due in 5-7 Days.Order Now!,12|1|0,,,,,,,,,,,,,,,,,,,,,,,,,,,,,,,,,,,,,,Arte Wallpaper,0|1|0,,,,,,,,,,,,,,,,,,,,,,,,,,,,,,,,,,,,,,,,,Atelier,1|1|0,,,,,21030|21031|21032,2|1|1,,,,,,,,,,,,,,"Back - 100% Nonn-Woven, Front -100% Vinyl",5|1|0,,,,,,,,,,,,,,,,,,,,,,,,,,,,,,,,,,,,,,,,,Due in 5-7 Days.Order Now!,13|1|0,,,,,,,,,,,Modern Contemporary,3|1|0,,,,,,,,,,,,,,,,,,,,,,,,,,,,,,,,,,,,,,,,,,,,,,,,,,,,,,,,,,,,,,,,,,,,,,,,,,,,,,,,,,,,,,,,,,,,,,,,,,,,,,,,,,,,,,,,,,,,,,,,,,,,,,,,,,,,,,,,,,,,,,,,,,,,,,,,,,,,,,,,,,,,,,,,,,,,,,,,,,,,,,,,,,,,,,,,,,,,,,,,,,,Straight Match,6|1|0,,,,,,,,,,,,,,,,,,,,,,,,,,,,,,,,,,,,,,,,,Belgium,11|1|0,,,,,,,,,,,Motif,4|1|0,,,,,,,,,,,,,,,,,,,,,,,,,,,,,,,,,,,,,,,,,,,,,,,,,,,,,,,,,,,,,,,,,10.05 Metre,9|1|0,,,,,,,,,,,,,,,,,,,,,,,,,,,,,,,,,,,,,,,,,,,,,,,,,,,,,,,,,,,,,,Roll,10|1|0,,,,,,,,,,,,,,,,,,,,,,,,,,,,,,,,,,,,,,,,,,,,,,,,,,,,,,,,,,,,,,,,,,,,,,,,,,,,,,,,98Cm,7|1|0,,,,,,,,,,,,,,,,,,,,,,,,,,,,,,,,,,,,,,,,,100Cm,8|1|0,,,,,,,,,,,,,
Arte Wallpaper Campo,arte-wallpaper-campo,,999517323,"This wallcovering has the authentic look of soft, luxurious leather, complete with its natural nuances and irregularities. The hand-stitched leather details contribute to the realistic look of this refined wallpaper. The use of extra-heavy vinyl was essential for obtaining the realistic texture and the feel of genuine leather. Two variants with the authentic look of soft, luxurious leather, complete with its natural nuances and irregularities. The hand-stitched leather details contribute to the realistic look of this refined wallpaper.","<h1>Care Code</h1><p><img align=""baseline"" alt=""imageedit 3 5946527801"" height=""137"" src=""https://inspiry.co.nz/wp-content/uploads/2020/09/imageedit_3_5946527801.png"" title=""imageedit 3 5946527801"" width=""130"" /></p><h1>Care CodeGuide</h1><p><span style=""font-size: 1em;"">Careful and regular maintenance is the key to prolonging the life and retaining the appearance of soft furnishings. The following notes are offered as a brief guide on the care and cleaning of wallpaper.<br /><br />Please click </span><strong style=""font-size: 1em;""><a href=""https://inspiry.co.nz/wp-content/uploads/2020/09/Inspiry-Wallpaper-Care-Guide.pdf""><span style=""color:#ff0033;"">here</span><span style=""color:#696969;""> </span></a></strong><span style=""font-size: 1em;"">to download.</span>",publish,,0,10/03/22 14:59,1049,open,UF-21040-P,,,no,no,,856,,1.3,60,8.5,60,,instock,no,no,,no,taxable,,,no,,,,,,,,https://inspiry.co.nz/wp-content/uploads/2022/03/UF-21040-6.jpg ! alt : Arte Wallpaper Campo  ! title : Arte Wallpaper Campo  1 ! desc :  ! caption :  | https://inspiry.co.nz/wp-content/uploads/2022/03/UF-21040-1-3.jpg ! alt : Arte Wallpaper Campo  ! title : Arte Wallpaper Campo  2 ! desc :  ! caption :  | https://inspiry.co.nz/wp-content/uploads/2022/03/UF-21040-2-3.jpg ! alt : Arte Wallpaper Campo  ! title : Arte Wallpaper Campo  3 ! desc :  ! caption :  | https://inspiry.co.nz/wp-content/uploads/2022/03/UF-21040-3-3.jpg ! alt : Arte Wallpaper Campo  ! title : Arte Wallpaper Campo  4 ! desc :  ! caption : ,,https://inspiry.co.nz/products/arte-wallpaper-campo/,,,,,,,,,,,,variable,exclude_from_catalog|exclude_from_search,Wallpaper,,Free Shipping,,,,,,yes,,2022-03-12T17:03:34+00:00,,0,,,,,,,,,,,,,,,,,,,,,,,,,,,,,,,,,,,,,,,,,,,,,,,,,,,,,,,,,,,,,,,,,,,,,,,,,,,,,,,,,,,,,,,,,,,,,,Due in 5-7 Days.Order Now!,12|1|0,,,,,,,,,,,,,,,,,,,,,,,,,,,,,,,,,,,,,,Arte Wallpaper,0|1|0,,,,,,,,,,,,,,,,,,,,,,,,,,,,,,,,,,,,,,,,,Atelier,1|1|0,,,,,21040|21041|21042|21043|21044|21045|21046|21047|21048|21049|21050|21051,2|1|1,,,,,,,,,,,,,,"Back - Non-Woven, Front -100% Vinyl, Paste The Wall",5|1|0,,,,,,,,,,,,,,,,,,,,,,,,,,,,,,,,,,,,,,,,,Due in 5-7 Days.Order Now!,13|1|0,,,,,,,,,,,Modern Contemporary,3|1|0,,,,,,,,,,,,,,,,,,,,,,,,,,,,,,,,,,,,,,,,,,,,,,,,,,,,,,,,,,,,,,,,,,,,,,,,,,,,,,,,,,,,,,,,,,,,,,,,,,,,,,,,,,,,,,,,,,,,,,,,,,,,,,,,,,,,,,,,,,,,,,,,,,,,,,,,,,,,,,,,,,,,,,,,,,,,,,,,,,,,,,,,,,,,,,,,,,,,,,,,,,,Straight Match,6|1|0,,,,,,,,,,,,,,,,,,,,,,,,,,,,,,,,,,,,,,,,,Belgium,11|1|0,,,,,,,,,,,Motif,4|1|0,,,,,,,,,,,,,,,,,,,,,,,,,,,,,,,,,,,,,,,,,,,,,,,,,,,,,,,,,,,,,,,,,10.05 Metre,9|1|0,,,,,,,,,,,,,,,,,,,,,,,,,,,,,,,,,,,,,,,,,,,,,,,,,,,,,,,,,,,,,,Roll,10|1|0,,,,,,,,,,,,,,,,,,,,,,,,,,,,,,,,,,,,,,,,,,,,,,,,,,,,,,,,,,,,,,,,,,,,,,,,,,,,,,,,19.6Cm,7|1|0,,,,,,,,,,,,,,,,,,,,,,,,,,,,,,,,,,,,,,,,,100Cm,8|1|0,,,,,,,,,,,,,
Arte Wallpaper Cosma,arte-wallpaper-cosma,,999517328,"This wallcovering has the authentic look of soft, luxurious leather, complete with its natural nuances and irregularities. The hand-stitched leather details contribute to the realistic look of this refined wallpaper. The use of extra-heavy vinyl was essential for obtaining the realistic texture and the feel of genuine leather. A geometric pattern that will never bore you, because you constantly discover new shapes in it. Within one stitched square, you can find different geometric shapes used interchangeably in a playful manner.","<h1>Care Code</h1><p><img align=""baseline"" alt=""imageedit 3 5946527801"" height=""137"" src=""https://inspiry.co.nz/wp-content/uploads/2020/09/imageedit_3_5946527801.png"" title=""imageedit 3 5946527801"" width=""130"" /></p><h1>Care CodeGuide</h1><p><span style=""font-size: 1em;"">Careful and regular maintenance is the key to prolonging the life and retaining the appearance of soft furnishings. The following notes are offered as a brief guide on the care and cleaning of wallpaper.<br /><br />Please click </span><strong style=""font-size: 1em;""><a href=""https://inspiry.co.nz/wp-content/uploads/2020/09/Inspiry-Wallpaper-Care-Guide.pdf""><span style=""color:#ff0033;"">here</span><span style=""color:#696969;""> </span></a></strong><span style=""font-size: 1em;"">to download.</span>",publish,,0,10/03/22 14:59,1049,open,UF-21060-P,,,no,no,,906,,1.3,60,8.5,60,,instock,no,no,,no,taxable,,,no,,,,,,,,https://inspiry.co.nz/wp-content/uploads/2022/03/UF-21060-6.jpg ! alt : Arte Wallpaper Cosma  ! title : Arte Wallpaper Cosma  1 ! desc :  ! caption :  | https://inspiry.co.nz/wp-content/uploads/2022/03/UF-21060-1-3.jpg ! alt : Arte Wallpaper Cosma  ! title : Arte Wallpaper Cosma  2 ! desc :  ! caption :  | https://inspiry.co.nz/wp-content/uploads/2022/03/UF-21060-2-3.jpg ! alt : Arte Wallpaper Cosma  ! title : Arte Wallpaper Cosma  3 ! desc :  ! caption :  | https://inspiry.co.nz/wp-content/uploads/2022/03/UF-21060-3-3.jpg ! alt : Arte Wallpaper Cosma  ! title : Arte Wallpaper Cosma  4 ! desc :  ! caption : ,,https://inspiry.co.nz/products/arte-wallpaper-cosma/,,,,,,,,,,,,variable,exclude_from_catalog|exclude_from_search,Wallpaper,,Free Shipping,,,,,,yes,,2022-03-12T17:03:36+00:00,,0,,,,,,,,,,,,,,,,,,,,,,,,,,,,,,,,,,,,,,,,,,,,,,,,,,,,,,,,,,,,,,,,,,,,,,,,,,,,,,,,,,,,,,,,,,,,,,Due in 5-7 Days.Order Now!,12|1|0,,,,,,,,,,,,,,,,,,,,,,,,,,,,,,,,,,,,,,Arte Wallpaper,0|1|0,,,,,,,,,,,,,,,,,,,,,,,,,,,,,,,,,,,,,,,,,Atelier,1|1|0,,,,,21060|21061|21062|21063|21064,2|1|1,,,,,,,,,,,,,,"Back - Non-Woven, Front -100% Vinyl, Paste The Wall",5|1|0,,,,,,,,,,,,,,,,,,,,,,,,,,,,,,,,,,,,,,,,,Due in 5-7 Days.Order Now!,13|1|0,,,,,,,,,,,Modern Contemporary,3|1|0,,,,,,,,,,,,,,,,,,,,,,,,,,,,,,,,,,,,,,,,,,,,,,,,,,,,,,,,,,,,,,,,,,,,,,,,,,,,,,,,,,,,,,,,,,,,,,,,,,,,,,,,,,,,,,,,,,,,,,,,,,,,,,,,,,,,,,,,,,,,,,,,,,,,,,,,,,,,,,,,,,,,,,,,,,,,,,,,,,,,,,,,,,,,,,,,,,,,,,,,,,,Straight Match,6|1|0,,,,,,,,,,,,,,,,,,,,,,,,,,,,,,,,,,,,,,,,,Belgium,11|1|0,,,,,,,,,,,Motif,4|1|0,,,,,,,,,,,,,,,,,,,,,,,,,,,,,,,,,,,,,,,,,,,,,,,,,,,,,,,,,,,,,,,,,10.05 Metre,9|1|0,,,,,,,,,,,,,,,,,,,,,,,,,,,,,,,,,,,,,,,,,,,,,,,,,,,,,,,,,,,,,,Roll,10|1|0,,,,,,,,,,,,,,,,,,,,,,,,,,,,,,,,,,,,,,,,,,,,,,,,,,,,,,,,,,,,,,,,,,,,,,,,,,,,,,,,19.6Cm,7|1|0,,,,,,,,,,,,,,,,,,,,,,,,,,,,,,,,,,,,,,,,,100Cm,8|1|0,,,,,,,,,,,,,
Arte Wallpaper Canvas,arte-wallpaper-canvas,,999517333,"Pure linen. This plain Canvas represents linen in an authentic and timeless way. The plain wallcovering comes in multiple colours, allowing you to choose from classic and subtle colours, or brighter and more striking hues.","<h1>Care Code</h1><p><img align=""baseline"" alt=""imageedit 3 5946527801"" height=""137"" src=""https://inspiry.co.nz/wp-content/uploads/2020/09/imageedit_3_5946527801.png"" title=""imageedit 3 5946527801"" width=""130"" /></p><h1>Care CodeGuide</h1><p><span style=""font-size: 1em;"">Careful and regular maintenance is the key to prolonging the life and retaining the appearance of soft furnishings. The following notes are offered as a brief guide on the care and cleaning of wallpaper.<br /><br />Please click </span><strong style=""font-size: 1em;""><a href=""https://inspiry.co.nz/wp-content/uploads/2020/09/Inspiry-Wallpaper-Care-Guide.pdf""><span style=""color:#ff0033;"">here</span><span style=""color:#696969;""> </span></a></strong><span style=""font-size: 1em;"">to download.</span>",publish,,0,10/03/22 14:59,1049,open,UF-24500-P,,,no,no,,584,,1.3,60,8.5,60,,instock,no,no,,no,taxable,,,no,,,,,,,,https://inspiry.co.nz/wp-content/uploads/2022/03/UF-24500-8.jpg ! alt : Arte Wallpaper Canvas  ! title : Arte Wallpaper Canvas  1 ! desc :  ! caption :  | https://inspiry.co.nz/wp-content/uploads/2022/03/UF-24500-1-3.jpg ! alt : Arte Wallpaper Canvas  ! title : Arte Wallpaper Canvas  2 ! desc :  ! caption :  | https://inspiry.co.nz/wp-content/uploads/2022/03/UF-24500-2-3.jpg ! alt : Arte Wallpaper Canvas  ! title : Arte Wallpaper Canvas  3 ! desc :  ! caption :  | https://inspiry.co.nz/wp-content/uploads/2022/03/UF-24500-3-3.jpg ! alt : Arte Wallpaper Canvas  ! title : Arte Wallpaper Canvas  4 ! desc :  ! caption :  | https://inspiry.co.nz/wp-content/uploads/2022/03/UF-24500-4-3.jpg ! alt : Arte Wallpaper Canvas  ! title : Arte Wallpaper Canvas  5 ! desc :  ! caption :  | https://inspiry.co.nz/wp-content/uploads/2022/03/UF-24500-5-3.jpg ! alt : Arte Wallpaper Canvas  ! title : Arte Wallpaper Canvas  6 ! desc :  ! caption : ,,https://inspiry.co.nz/products/arte-wallpaper-canvas/,,,,,,,,,,,,variable,exclude_from_catalog|exclude_from_search,Wallpaper,,Free Shipping,,,,,,yes,,2022-03-12T17:03:46+00:00,,0,,,,,,,,,,,,,,,,,,,,,,,,,,,,,,,,,,,,,,,,,,,,,,,,,,,,,,,,,,,,,,,,,,,,,,,,,,,,,,,,,,,,,,,,,,,,,,Due in 5-7 Days.Order Now!,12|1|0,,,,,,,,,,,,,,,,,,,,,,,,,,,,,,,,,,,,,,Arte Wallpaper,0|1|0,,,,,,,,,,,,,,,,,,,,,,,,,,,,,,,,,,,,,,,,,Signature,1|1|0,,,,,24500|24501|24502|24503|24504|24505|24506|24507|24508|24509|24510|24511|24512|24513|24514|24515|24516|24517|24518|24519|24520|24521,2|1|1,,,,,,,,,,,,,,"Back - 100% Paper, Front -100% Vinyl",5|1|0,,,,,,,,,,,,,,,,,,,,,,,,,,,,,,,,,,,,,,,,,Due in 5-7 Days.Order Now!,13|1|0,,,,,,,,,,,Modern Contemporary,3|1|0,,,,,,,,,,,,,,,,,,,,,,,,,,,,,,,,,,,,,,,,,,,,,,,,,,,,,,,,,,,,,,,,,,,,,,,,,,,,,,,,,,,,,,,,,,,,,,,,,,,,,,,,,,,,,,,,,,,,,,,,,,,,,,,,,,,,,,,,,,,,,,,,,,,,,,,,,,,,,,,,,,,,,,,,,,,,,,,,,,,,,,,,,,,,,,,,,,,,,,,,,,,Free Match,6|1|0,,,,,,,,,,,,,,,,,,,,,,,,,,,,,,,,,,,,,,,,,Belgium,11|1|0,,,,,,,,,,,Grass Cloth,4|1|0,,,,,,,,,,,,,,,,,,,,,,,,,,,,,,,,,,,,,,,,,,,,,,,,,,,,,,,,,,,,,,,,,10.05 Metre,9|1|0,,,,,,,,,,,,,,,,,,,,,,,,,,,,,,,,,,,,,,,,,,,,,,,,,,,,,,,,,,,,,,Roll,10|1|0,,,,,,,,,,,,,,,,,,,,,,,,,,,,,,,,,,,,,,,,,,,,,,,,,,,,,,,,,,,,,,,,,,,,,,,,,,,,,,,,0Cm,7|1|0,,,,,,,,,,,,,,,,,,,,,,,,,,,,,,,,,,,,,,,,,100Cm,8|1|0,,,,,,,,,,,,,
Arte Wallpaper Cobalt,arte-wallpaper-cobalt,,999517340,"Cobalt, with its pleated covering and metallic finish, is rich and luxurious. This wallpaper is made of abundant materials, printed on natural paper weave and embroidered chinoiserie on raw cotton.","<h1>Care Code</h1><p><img align=""baseline"" alt=""imageedit 5 2242489781"" height=""133"" src=""https://inspiry.co.nz/wp-content/uploads/2020/09/imageedit_5_2242489781.png"" title=""imageedit 5 2242489781"" width=""127"" /></p><h1>Care CodeGuide</h1><p><span style=""font-size: 1em;"">Careful and regular maintenance is the key to prolonging the life and retaining the appearance of soft furnishings. The following notes are offered as a brief guide on the care and cleaning of wallpaper.<br /><br />Please click </span><strong style=""font-size: 1em;""><a href=""https://inspiry.co.nz/wp-content/uploads/2020/09/Inspiry-Wallpaper-Care-Guide.pdf""><span style=""color:#ff0033;"">here</span><span style=""color:#696969;""> </span></a></strong><span style=""font-size: 1em;"">to download.</span>",publish,,0,10/03/22 14:59,1049,open,UF-25023-P,,,no,no,,357,,1.3,60,8.5,60,,instock,no,no,,no,taxable,,,no,,,,,,,,https://inspiry.co.nz/wp-content/uploads/2022/03/UF-25023-4.jpg ! alt : Arte Wallpaper Cobalt  ! title : Arte Wallpaper Cobalt  1 ! desc :  ! caption :  | https://inspiry.co.nz/wp-content/uploads/2022/03/UF-25023-1-3.jpg ! alt : Arte Wallpaper Cobalt  ! title : Arte Wallpaper Cobalt  2 ! desc :  ! caption : ,,https://inspiry.co.nz/products/arte-wallpaper-cobalt/,,,,,,,,,,,,variable,exclude_from_catalog|exclude_from_search,Wallpaper,,Free Shipping,,,,,,yes,,2022-03-12T17:03:48+00:00,,0,,,,,,,,,,,,,,,,,,,,,,,,,,,,,,,,,,,,,,,,,,,,,,,,,,,,,,,,,,,,,,,,,,,,,,,,,,,,,,,,,,,,,,,,,,,,,,Due in 5-7 Days.Order Now!,11|1|0,,,,,,,,,,,,,,,,,,,,,,,,,,,,,,,,,,,,,,Arte Wallpaper,0|1|0,,,,,,,,,,,,,,,,,,,,,,,,,,,,,,,,,,,,,,,,,Takara,1|1|0,,,,,25023|25024|25025|25026|25027|25028|25029,2|1|1,,,,,,,,,,,,,,"Back - Non-Woven, Paste The Wall Front -100% Polypropylene",5|1|0,,,,,,,,,,,,,,,,,,,,,,,,,,,,,,,,,,,,,,,,,Due in 5-7 Days.Order Now!,12|1|0,,,,,,,,,,,Modern Contemporary,3|1|0,,,,,,,,,,,,,,,,,,,,,,,,,,,,,,,,,,,,,,,,,,,,,,,,,,,,,,,,,,,,,,,,,,,,,,,,,,,,,,,,,,,,,,,,,,,,,,,,,,,,,,,,,,,,,,,,,,,,,,,,,,,,,,,,,,,,,,,,,,,,,,,,,,,,,,,,,,,,,,,,,,,,,,,,,,,,,,,,,,,,,,,,,,,,,,,,,,,,,,,,,,,Free Match,6|1|0,,,,,,,,,,,,,,,,,,,,,,,,,,,,,,,,,,,,,,,,,Belgium,10|1|0,,,,,,,,,,,Texture,4|1|0,,,,,,,,,,,,,,,,,,,,,,,,,,,,,,,,,,,,,,,,,,,,,,,,,,,,,,,,,,,,,,,,,,,,,,,,,,,,,,,,,,,,,,,,,,,,,,,,,,,,,,,,,,,,,,,,,,,,,,,,,,,,,,,,Metre,9|1|0,,,,,,,,,,,,,,,,,,,,,,,,,,,,,,,,,,,,,,,,,,,,,,,,,,,,,,,,,,,,,,,,,,,,,,,,,,,,,,,,0Cm,7|1|0,,,,,,,,,,,,,,,,,,,,,,,,,,,,,,,,,,,,,,,,,90Cm,8|1|0,,,,,,,,,,,,,
Arte Wallpaper Puro,arte-wallpaper-puro,,999517343,Lavishness. A stylish plain with a woven structure and a subtle lustred finish.,"<h1>Care Code</h1><p><img align=""baseline"" alt=""imageedit 3 5946527801"" height=""137"" src=""https://inspiry.co.nz/wp-content/uploads/2020/09/imageedit_3_5946527801.png"" title=""imageedit 3 5946527801"" width=""130"" /></p><h1>Care CodeGuide</h1><p><span style=""font-size: 1em;"">Careful and regular maintenance is the key to prolonging the life and retaining the appearance of soft furnishings. The following notes are offered as a brief guide on the care and cleaning of wallpaper.<br /><br />Please click </span><strong style=""font-size: 1em;""><a href=""https://inspiry.co.nz/wp-content/uploads/2020/09/Inspiry-Wallpaper-Care-Guide.pdf""><span style=""color:#ff0033;"">here</span><span style=""color:#696969;""> </span></a></strong><span style=""font-size: 1em;"">to download.</span>",publish,,0,10/03/22 14:59,1049,open,UF-27000-P,,,no,no,,529,,1.3,60,8.5,60,,instock,no,no,,no,taxable,,,no,,,,,,,,https://inspiry.co.nz/wp-content/uploads/2022/03/UF-27000-3.jpg ! alt : Arte Wallpaper Puro  ! title : Arte Wallpaper Puro  1 ! desc :  ! caption : ,,https://inspiry.co.nz/products/arte-wallpaper-puro/,,,,,,,,,,,,variable,exclude_from_catalog|exclude_from_search,Wallpaper,,Free Shipping,,,,,,yes,,2022-03-12T17:03:55+00:00,,0,,,,,,,,,,,,,,,,,,,,,,,,,,,,,,,,,,,,,,,,,,,,,,,,,,,,,,,,,,,,,,,,,,,,,,,,,,,,,,,,,,,,,,,,,,,,,,Due in 5-7 Days.Order Now!,12|1|0,,,,,,,,,,,,,,,,,,,,,,,,,,,,,,,,,,,,,,Arte Wallpaper,0|1|0,,,,,,,,,,,,,,,,,,,,,,,,,,,,,,,,,,,,,,,,,Figura,1|1|0,,,,,27000|27001|27002|27003|27004|27005|27006|27007|27008|27009|27010|27011|27012|27013|27014|27015,2|1|1,,,,,,,,,,,,,,Non Woven Paste the Wall,5|1|0,,,,,,,,,,,,,,,,,,,,,,,,,,,,,,,,,,,,,,,,,Due in 5-7 Days.Order Now!,13|1|0,,,,,,,,,,,Modern Contemporary,3|1|0,,,,,,,,,,,,,,,,,,,,,,,,,,,,,,,,,,,,,,,,,,,,,,,,,,,,,,,,,,,,,,,,,,,,,,,,,,,,,,,,,,,,,,,,,,,,,,,,,,,,,,,,,,,,,,,,,,,,,,,,,,,,,,,,,,,,,,,,,,,,,,,,,,,,,,,,,,,,,,,,,,,,,,,,,,,,,,,,,,,,,,,,,,,,,,,,,,,,,,,,,,,Free Match,6|1|0,,,,,,,,,,,,,,,,,,,,,,,,,,,,,,,,,,,,,,,,,Belgium,11|1|0,,,,,,,,,,,Plain,4|1|0,,,,,,,,,,,,,,,,,,,,,,,,,,,,,,,,,,,,,,,,,,,,,,,,,,,,,,,,,,,,,,,,,10.05 Metre,9|1|0,,,,,,,,,,,,,,,,,,,,,,,,,,,,,,,,,,,,,,,,,,,,,,,,,,,,,,,,,,,,,,Roll,10|1|0,,,,,,,,,,,,,,,,,,,,,,,,,,,,,,,,,,,,,,,,,,,,,,,,,,,,,,,,,,,,,,,,,,,,,,,,,,,,,,,,0Cm,7|1|0,,,,,,,,,,,,,,,,,,,,,,,,,,,,,,,,,,,,,,,,,70Cm,8|1|0,,,,,,,,,,,,,
Arte Wallpaper Crane,arte-wallpaper-crane,,999517345,"This striking pattern is made up of cranes in flight; these birds are deemed genuine lucky charms in a number of oriental countries. Not only is this design a treat for the eye, but the materials are also very tactile. Indeed, the patterns are embroidered onto a cotton and linen fabric. A blend yielding an opulent finish. The Crane pattern goes through a unique production process. The sumptuous pattern is artistically hand-embroidered on the fabric. This fabric is a luxurious blend of linen and cotton. After embroidery, the fabric is applied to the non-woven backing by hand and with the greatest of care. By doing so, small folds and unevenness might occur. These are specific to the product and highlight the authentic character of this unique wallpaper.","<h1>Care Code</h1><p><img align=""baseline"" alt=""imageedit 1 8057904090"" height=""135"" src=""https://inspiry.co.nz/wp-content/uploads/2020/09/https://inspiry.co.nz/wp-content/uploads/2020/09/imageedit_1_8057904090.png"" title=""imageedit 1 8057904090"" width=""133"" /></p><h1>Care CodeGuide</h1><p><span style=""font-size: 1em;"">Careful and regular maintenance is the key to prolonging the life and retaining the appearance of soft furnishings. The following notes are offered as a brief guide on the care and cleaning of wallpaper.<br /><br />Please click </span><strong style=""font-size: 1em;""><a href=""https://inspiry.co.nz/wp-content/uploads/2020/09/Inspiry-Wallpaper-Care-Guide.pdf""><span style=""color:#ff0033;"">here</span><span style=""color:#696969;""> </span></a></strong><span style=""font-size: 1em;"">to download.</span>",publish,,0,10/03/22 14:59,1049,open,UF-28500-P,,,no,no,,1408,,1.3,60,8.5,60,,instock,no,no,,no,taxable,,,no,,,,,,,,https://inspiry.co.nz/wp-content/uploads/2022/03/UF-28500-5.jpg ! alt : Arte Wallpaper Crane  ! title : Arte Wallpaper Crane  1 ! desc :  ! caption :  | https://inspiry.co.nz/wp-content/uploads/2022/03/UF-28500-1-3.jpg ! alt : Arte Wallpaper Crane  ! title : Arte Wallpaper Crane  2 ! desc :  ! caption :  | https://inspiry.co.nz/wp-content/uploads/2022/03/UF-28500-2-3.jpg ! alt : Arte Wallpaper Crane  ! title : Arte Wallpaper Crane  3 ! desc :  ! caption : ,,https://inspiry.co.nz/products/arte-wallpaper-crane/,,,,,,,,,,,,variable,exclude_from_catalog|exclude_from_search,Wallpaper,,Free Shipping,,,,,,yes,,2022-03-12T17:03:56+00:00,,0,,,,,,,,,,,,,,,,,,,,,,,,,,,,,,,,,,,,,,,,,,,,,,,,,,,,,,,,,,,,,,,,,,,,,,,,,,,,,,,,,,,,,,,,,,,,,,Due in 5-7 Days.Order Now!,11|1|0,,,,,,,,,,,,,,,,,,,,,,,,,,,,,,,,,,,,,,Arte Wallpaper,0|1|0,,,,,,,,,,,,,,,,,,,,,,,,,,,,,,,,,,,,,,,,,Takara,1|1|0,,,,,28500|28501|28502,2|1|1,,,,,,,,,,,,,,"Back - Non-Woven, Paste The Wall Front -60% Linen 40% Cotton Emback - 100% Polyester",5|1|0,,,,,,,,,,,,,,,,,,,,,,,,,,,,,,,,,,,,,,,,,Due in 5-7 Days.Order Now!,12|1|0,,,,,,,,,,,Modern Contemporary,3|1|0,,,,,,,,,,,,,,,,,,,,,,,,,,,,,,,,,,,,,,,,,,,,,,,,,,,,,,,,,,,,,,,,,,,,,,,,,,,,,,,,,,,,,,,,,,,,,,,,,,,,,,,,,,,,,,,,,,,,,,,,,,,,,,,,,,,,,,,,,,,,,,,,,,,,,,,,,,,,,,,,,,,,,,,,,,,,,,,,,,,,,,,,,,,,,,,,,,,,,,,,,,,Straight Match,6|1|0,,,,,,,,,,,,,,,,,,,,,,,,,,,,,,,,,,,,,,,,,Belgium,10|1|0,,,,,,,,,,,Animals &amp; Nature,4|1|0,,,,,,,,,,,,,,,,,,,,,,,,,,,,,,,,,,,,,,,,,,,,,,,,,,,,,,,,,,,,,,,,,,,,,,,,,,,,,,,,,,,,,,,,,,,,,,,,,,,,,,,,,,,,,,,,,,,,,,,,,,,,,,,,Metre,9|1|0,,,,,,,,,,,,,,,,,,,,,,,,,,,,,,,,,,,,,,,,,,,,,,,,,,,,,,,,,,,,,,,,,,,,,,,,,,,,,,,,77Cm,7|1|0,,,,,,,,,,,,,,,,,,,,,,,,,,,,,,,,,,,,,,,,,133Cm,8|1|0,,,,,,,,,,,,,
Arte Wallpaper Noble,arte-wallpaper-noble,,999517349,"An elegant plain. Noble can be effortlessly combined with a design, but can also shine on its own.√Ç¬¨√¢‚Ç¨¬†Noble√Ç¬¨√¢‚Ç¨¬†is a plain decoration with the look & feel of suede, and is available in different colour combinations that suit the designs beautifully.√Ç¬¨√¢‚Ç¨¬†","<h1>Care Code</h1><p><img align=""baseline"" alt=""imageedit 1 8057904090"" height=""135"" src=""https://inspiry.co.nz/wp-content/uploads/2020/09/https://inspiry.co.nz/wp-content/uploads/2020/09/imageedit_1_8057904090.png"" title=""imageedit 1 8057904090"" width=""133"" /></p><h1>Care CodeGuide</h1><p><span style=""font-size: 1em;"">Careful and regular maintenance is the key to prolonging the life and retaining the appearance of soft furnishings. The following notes are offered as a brief guide on the care and cleaning of wallpaper.<br /><br />Please click </span><strong style=""font-size: 1em;""><a href=""https://inspiry.co.nz/wp-content/uploads/2020/09/Inspiry-Wallpaper-Care-Guide.pdf""><span style=""color:#ff0033;"">here</span><span style=""color:#696969;""> </span></a></strong><span style=""font-size: 1em;"">to download.</span>",publish,,0,10/03/22 14:59,1049,open,UF-28510-P,,,no,no,,327,,1.3,60,8.5,60,,instock,no,no,,no,taxable,,,no,,,,,,,,https://inspiry.co.nz/wp-content/uploads/2022/03/UF-28510-5.jpg ! alt : Arte Wallpaper Noble  ! title : Arte Wallpaper Noble  1 ! desc :  ! caption :  | https://inspiry.co.nz/wp-content/uploads/2022/03/UF-28510-1-3.jpg ! alt : Arte Wallpaper Noble  ! title : Arte Wallpaper Noble  2 ! desc :  ! caption :  | https://inspiry.co.nz/wp-content/uploads/2022/03/UF-28510-2-3.jpg ! alt : Arte Wallpaper Noble  ! title : Arte Wallpaper Noble  3 ! desc :  ! caption : ,,https://inspiry.co.nz/products/arte-wallpaper-noble/,,,,,,,,,,,,variable,exclude_from_catalog|exclude_from_search,Wallpaper,,Free Shipping,,,,,,yes,,2022-03-12T17:04:00+00:00,,0,,,,,,,,,,,,,,,,,,,,,,,,,,,,,,,,,,,,,,,,,,,,,,,,,,,,,,,,,,,,,,,,,,,,,,,,,,,,,,,,,,,,,,,,,,,,,,Due in 5-7 Days.Order Now!,11|1|0,,,,,,,,,,,,,,,,,,,,,,,,,,,,,,,,,,,,,,Arte Wallpaper,0|1|0,,,,,,,,,,,,,,,,,,,,,,,,,,,,,,,,,,,,,,,,,Takara,1|1|0,,,,,28510|28511|28512|28513|28514|28515|28516|28517,2|1|1,,,,,,,,,,,,,,"Back - Non-Woven, Paste The Wall Front -100% Polypropylene",5|1|0,,,,,,,,,,,,,,,,,,,,,,,,,,,,,,,,,,,,,,,,,Due in 5-7 Days.Order Now!,12|1|0,,,,,,,,,,,Modern Contemporary,3|1|0,,,,,,,,,,,,,,,,,,,,,,,,,,,,,,,,,,,,,,,,,,,,,,,,,,,,,,,,,,,,,,,,,,,,,,,,,,,,,,,,,,,,,,,,,,,,,,,,,,,,,,,,,,,,,,,,,,,,,,,,,,,,,,,,,,,,,,,,,,,,,,,,,,,,,,,,,,,,,,,,,,,,,,,,,,,,,,,,,,,,,,,,,,,,,,,,,,,,,,,,,,,Free Match,6|1|0,,,,,,,,,,,,,,,,,,,,,,,,,,,,,,,,,,,,,,,,,Belgium,10|1|0,,,,,,,,,,,Plain,4|1|0,,,,,,,,,,,,,,,,,,,,,,,,,,,,,,,,,,,,,,,,,,,,,,,,,,,,,,,,,,,,,,,,,,,,,,,,,,,,,,,,,,,,,,,,,,,,,,,,,,,,,,,,,,,,,,,,,,,,,,,,,,,,,,,,Metre,9|1|0,,,,,,,,,,,,,,,,,,,,,,,,,,,,,,,,,,,,,,,,,,,,,,,,,,,,,,,,,,,,,,,,,,,,,,,,,,,,,,,,0Cm,7|1|0,,,,,,,,,,,,,,,,,,,,,,,,,,,,,,,,,,,,,,,,,140Cm,8|1|0,,,,,,,,,,,,,
Arte Wallpaper Harmony,arte-wallpaper-harmony,,999517353,"Harmony is a timeless, playful, refreshing and elegant zigzag pattern. The design is printed on paper weave, a material that yields a muted, authentic look & feel. This wallpaper is made of abundant materials, including soft suede, printed on natural paper weave and embroidered chinoiserie on raw cotton.","<h1>Care Code</h1><p><img align=""baseline"" alt=""imageedit 1 8057904090"" height=""135"" src=""https://inspiry.co.nz/wp-content/uploads/2020/09/https://inspiry.co.nz/wp-content/uploads/2020/09/imageedit_1_8057904090.png"" title=""imageedit 1 8057904090"" width=""133"" /></p><h1>Care CodeGuide</h1><p><span style=""font-size: 1em;"">Careful and regular maintenance is the key to prolonging the life and retaining the appearance of soft furnishings. The following notes are offered as a brief guide on the care and cleaning of wallpaper.<br /><br />Please click </span><strong style=""font-size: 1em;""><a href=""https://inspiry.co.nz/wp-content/uploads/2020/09/Inspiry-Wallpaper-Care-Guide.pdf""><span style=""color:#ff0033;"">here</span><span style=""color:#696969;""> </span></a></strong><span style=""font-size: 1em;"">to download.</span>",publish,,0,10/03/22 14:59,1049,open,UF-28520-P,,,no,no,,152,,1.3,60,8.5,60,,instock,no,no,,no,taxable,,,no,,,,,,,,https://inspiry.co.nz/wp-content/uploads/2022/03/UF-28520-5.jpg ! alt : Arte Wallpaper Harmony  ! title : Arte Wallpaper Harmony  1 ! desc :  ! caption :  | https://inspiry.co.nz/wp-content/uploads/2022/03/UF-28520-1-3.jpg ! alt : Arte Wallpaper Harmony  ! title : Arte Wallpaper Harmony  2 ! desc :  ! caption :  | https://inspiry.co.nz/wp-content/uploads/2022/03/UF-28520-2-3.jpg ! alt : Arte Wallpaper Harmony  ! title : Arte Wallpaper Harmony  3 ! desc :  ! caption : ,,https://inspiry.co.nz/products/arte-wallpaper-harmony/,,,,,,,,,,,,variable,exclude_from_catalog|exclude_from_search,Wallpaper,,Free Shipping,,,,,,yes,,2022-03-12T17:07:15+00:00,,0,,,,,,,,,,,,,,,,,,,,,,,,,,,,,,,,,,,,,,,,,,,,,,,,,,,,,,,,,,,,,,,,,,,,,,,,,,,,,,,,,,,,,,,,,,,,,,Due in 5-7 Days.Order Now!,11|1|0,,,,,,,,,,,,,,,,,,,,,,,,,,,,,,,,,,,,,,Arte Wallpaper,0|1|0,,,,,,,,,,,,,,,,,,,,,,,,,,,,,,,,,,,,,,,,,Takara,1|1|0,,,,,28520|28521|28522|28523|28524|28525|28526,2|1|1,,,,,,,,,,,,,,"Back - Non-Woven, Paste The Wall Front -100% Paper",5|1|0,,,,,,,,,,,,,,,,,,,,,,,,,,,,,,,,,,,,,,,,,Due in 5-7 Days.Order Now!,12|1|0,,,,,,,,,,,Modern Contemporary,3|1|0,,,,,,,,,,,,,,,,,,,,,,,,,,,,,,,,,,,,,,,,,,,,,,,,,,,,,,,,,,,,,,,,,,,,,,,,,,,,,,,,,,,,,,,,,,,,,,,,,,,,,,,,,,,,,,,,,,,,,,,,,,,,,,,,,,,,,,,,,,,,,,,,,,,,,,,,,,,,,,,,,,,,,,,,,,,,,,,,,,,,,,,,,,,,,,,,,,,,,,,,,,,Straight Match,6|1|0,,,,,,,,,,,,,,,,,,,,,,,,,,,,,,,,,,,,,,,,,Belgium,10|1|0,,,,,,,,,,,Motif,4|1|0,,,,,,,,,,,,,,,,,,,,,,,,,,,,,,,,,,,,,,,,,,,,,,,,,,,,,,,,,,,,,,,,,,,,,,,,,,,,,,,,,,,,,,,,,,,,,,,,,,,,,,,,,,,,,,,,,,,,,,,,,,,,,,,,Metre,9|1|0,,,,,,,,,,,,,,,,,,,,,,,,,,,,,,,,,,,,,,,,,,,,,,,,,,,,,,,,,,,,,,,,,,,,,,,,,,,,,,,,2.2Cm,7|1|0,,,,,,,,,,,,,,,,,,,,,,,,,,,,,,,,,,,,,,,,,91.44Cm,8|1|0,,,,,,,,,,,,,
Arte Wallpaper Spirit,arte-wallpaper-spirit,,999517357,"With√Ç¬¨√¢‚Ç¨¬†Spirit√Ç¬¨√¢‚Ç¨¬†we see a geometric pattern but with a twist. The seemingly regular pattern is jam-packed with unexpected elements: nothing is as it seems. The chic look & feel derives from the paper weave finish. This wallpaper is made of abundant materials, including soft suede, printed on natural paper weave and embroidered chinoiserie on raw cotton.","<h1>Care Code</h1><p><img align=""baseline"" alt=""imageedit 1 8057904090"" height=""135"" src=""https://inspiry.co.nz/wp-content/uploads/2020/09/https://inspiry.co.nz/wp-content/uploads/2020/09/imageedit_1_8057904090.png"" title=""imageedit 1 8057904090"" width=""133"" /></p><h1>Care CodeGuide</h1><p><span style=""font-size: 1em;"">Careful and regular maintenance is the key to prolonging the life and retaining the appearance of soft furnishings. The following notes are offered as a brief guide on the care and cleaning of wallpaper.<br /><br />Please click </span><strong style=""font-size: 1em;""><a href=""https://inspiry.co.nz/wp-content/uploads/2020/09/Inspiry-Wallpaper-Care-Guide.pdf""><span style=""color:#ff0033;"">here</span><span style=""color:#696969;""> </span></a></strong><span style=""font-size: 1em;"">to download.</span>",publish,,0,10/03/22 14:59,1049,open,UF-28540-P,,,no,no,,223,,1.3,60,8.5,60,,instock,no,no,,no,taxable,,,no,,,,,,,,https://inspiry.co.nz/wp-content/uploads/2022/03/UF-28540-5.jpg ! alt : Arte Wallpaper Spirit  ! title : Arte Wallpaper Spirit  1 ! desc :  ! caption :  | https://inspiry.co.nz/wp-content/uploads/2022/03/UF-28540-1-3.jpg ! alt : Arte Wallpaper Spirit  ! title : Arte Wallpaper Spirit  2 ! desc :  ! caption :  | https://inspiry.co.nz/wp-content/uploads/2022/03/UF-28540-2-3.jpg ! alt : Arte Wallpaper Spirit  ! title : Arte Wallpaper Spirit  3 ! desc :  ! caption : ,,https://inspiry.co.nz/products/arte-wallpaper-spirit/,,,,,,,,,,,,variable,exclude_from_catalog|exclude_from_search,Wallpaper,,Free Shipping,,,,,,yes,,2022-03-12T17:07:17+00:00,,0,,,,,,,,,,,,,,,,,,,,,,,,,,,,,,,,,,,,,,,,,,,,,,,,,,,,,,,,,,,,,,,,,,,,,,,,,,,,,,,,,,,,,,,,,,,,,,Due in 5-7 Days.Order Now!,11|1|0,,,,,,,,,,,,,,,,,,,,,,,,,,,,,,,,,,,,,,Arte Wallpaper,0|1|0,,,,,,,,,,,,,,,,,,,,,,,,,,,,,,,,,,,,,,,,,Takara,1|1|0,,,,,28540|28541|28542|28543,2|1|1,,,,,,,,,,,,,,"Back - Non-Woven, Paste The Wall Front -100% Paper",5|1|0,,,,,,,,,,,,,,,,,,,,,,,,,,,,,,,,,,,,,,,,,Due in 5-7 Days.Order Now!,12|1|0,,,,,,,,,,,Modern Contemporary,3|1|0,,,,,,,,,,,,,,,,,,,,,,,,,,,,,,,,,,,,,,,,,,,,,,,,,,,,,,,,,,,,,,,,,,,,,,,,,,,,,,,,,,,,,,,,,,,,,,,,,,,,,,,,,,,,,,,,,,,,,,,,,,,,,,,,,,,,,,,,,,,,,,,,,,,,,,,,,,,,,,,,,,,,,,,,,,,,,,,,,,,,,,,,,,,,,,,,,,,,,,,,,,,Straight Match,6|1|0,,,,,,,,,,,,,,,,,,,,,,,,,,,,,,,,,,,,,,,,,Belgium,10|1|0,,,,,,,,,,,Motif,4|1|0,,,,,,,,,,,,,,,,,,,,,,,,,,,,,,,,,,,,,,,,,,,,,,,,,,,,,,,,,,,,,,,,,,,,,,,,,,,,,,,,,,,,,,,,,,,,,,,,,,,,,,,,,,,,,,,,,,,,,,,,,,,,,,,,Metre,9|1|0,,,,,,,,,,,,,,,,,,,,,,,,,,,,,,,,,,,,,,,,,,,,,,,,,,,,,,,,,,,,,,,,,,,,,,,,,,,,,,,,64Cm,7|1|0,,,,,,,,,,,,,,,,,,,,,,,,,,,,,,,,,,,,,,,,,90Cm,8|1|0,,,,,,,,,,,,,
Arte Wallpaper Air,arte-wallpaper-air,,999517361,"Exotic Air. This pattern evokes tropical birds criss-crossing each other in flight. The paper weave upon which the design is printed, lends the entirety a muted look. This wallpaper is made of abundant materials, including soft suede, printed on natural paper weave and embroidered chinoiserie on raw cotton.","<h1>Care Code</h1><p><img align=""baseline"" alt=""imageedit 1 8057904090"" height=""135"" src=""https://inspiry.co.nz/wp-content/uploads/2020/09/https://inspiry.co.nz/wp-content/uploads/2020/09/imageedit_1_8057904090.png"" title=""imageedit 1 8057904090"" width=""133"" /></p><h1>Care CodeGuide</h1><p><span style=""font-size: 1em;"">Careful and regular maintenance is the key to prolonging the life and retaining the appearance of soft furnishings. The following notes are offered as a brief guide on the care and cleaning of wallpaper.<br /><br />Please click </span><strong style=""font-size: 1em;""><a href=""https://inspiry.co.nz/wp-content/uploads/2020/09/Inspiry-Wallpaper-Care-Guide.pdf""><span style=""color:#ff0033;"">here</span><span style=""color:#696969;""> </span></a></strong><span style=""font-size: 1em;"">to download.</span>",publish,,0,10/03/22 14:59,1049,open,UF-28550-P,,,no,no,,223,,1.3,60,8.5,60,,instock,no,no,,no,taxable,,,no,,,,,,,,https://inspiry.co.nz/wp-content/uploads/2022/03/UF-28550-5.jpg ! alt : Arte Wallpaper Air  ! title : Arte Wallpaper Air  1 ! desc :  ! caption :  | https://inspiry.co.nz/wp-content/uploads/2022/03/UF-28550-1-3.jpg ! alt : Arte Wallpaper Air  ! title : Arte Wallpaper Air  2 ! desc :  ! caption :  | https://inspiry.co.nz/wp-content/uploads/2022/03/UF-28550-2-3.jpg ! alt : Arte Wallpaper Air  ! title : Arte Wallpaper Air  3 ! desc :  ! caption : ,,https://inspiry.co.nz/products/arte-wallpaper-air/,,,,,,,,,,,,variable,exclude_from_catalog|exclude_from_search,Wallpaper,,Free Shipping,,,,,,yes,,2022-03-12T17:07:19+00:00,,0,,,,,,,,,,,,,,,,,,,,,,,,,,,,,,,,,,,,,,,,,,,,,,,,,,,,,,,,,,,,,,,,,,,,,,,,,,,,,,,,,,,,,,,,,,,,,,Due in 5-7 Days.Order Now!,11|1|0,,,,,,,,,,,,,,,,,,,,,,,,,,,,,,,,,,,,,,Arte Wallpaper,0|1|0,,,,,,,,,,,,,,,,,,,,,,,,,,,,,,,,,,,,,,,,,Takara,1|1|0,,,,,28550|28551|28552,2|1|1,,,,,,,,,,,,,,"Back - Non-Woven, Paste The Wall Front -100% Paper",5|1|0,,,,,,,,,,,,,,,,,,,,,,,,,,,,,,,,,,,,,,,,,Due in 5-7 Days.Order Now!,12|1|0,,,,,,,,,,,Modern Contemporary,3|1|0,,,,,,,,,,,,,,,,,,,,,,,,,,,,,,,,,,,,,,,,,,,,,,,,,,,,,,,,,,,,,,,,,,,,,,,,,,,,,,,,,,,,,,,,,,,,,,,,,,,,,,,,,,,,,,,,,,,,,,,,,,,,,,,,,,,,,,,,,,,,,,,,,,,,,,,,,,,,,,,,,,,,,,,,,,,,,,,,,,,,,,,,,,,,,,,,,,,,,,,,,,,Drop Match,6|1|0,,,,,,,,,,,,,,,,,,,,,,,,,,,,,,,,,,,,,,,,,Belgium,10|1|0,,,,,,,,,,,Motif,4|1|0,,,,,,,,,,,,,,,,,,,,,,,,,,,,,,,,,,,,,,,,,,,,,,,,,,,,,,,,,,,,,,,,,,,,,,,,,,,,,,,,,,,,,,,,,,,,,,,,,,,,,,,,,,,,,,,,,,,,,,,,,,,,,,,,Metre,9|1|0,,,,,,,,,,,,,,,,,,,,,,,,,,,,,,,,,,,,,,,,,,,,,,,,,,,,,,,,,,,,,,,,,,,,,,,,,,,,,,,,64Cm / 32Cm,7|1|0,,,,,,,,,,,,,,,,,,,,,,,,,,,,,,,,,,,,,,,,,90Cm,8|1|0,,,,,,,,,,,,,
Arte Wallpaper Feather,arte-wallpaper-feather,,999517365,"Feather. The stylised feathered designs are playful and light-hearted, yet indisputably stylish. Similarly, the finish on paper weave lends this design an elegant, luxurious touch. This wallpaper is made of abundant materials, including soft suede, printed on natural paper weave and embroidered chinoiserie on raw cotton.","<h1>Care Code</h1><p><img align=""baseline"" alt=""imageedit 1 8057904090"" height=""135"" src=""https://inspiry.co.nz/wp-content/uploads/2020/09/https://inspiry.co.nz/wp-content/uploads/2020/09/imageedit_1_8057904090.png"" title=""imageedit 1 8057904090"" width=""133"" /></p><h1>Care CodeGuide</h1><p><span style=""font-size: 1em;"">Careful and regular maintenance is the key to prolonging the life and retaining the appearance of soft furnishings. The following notes are offered as a brief guide on the care and cleaning of wallpaper.<br /><br />Please click </span><strong style=""font-size: 1em;""><a href=""https://inspiry.co.nz/wp-content/uploads/2020/09/Inspiry-Wallpaper-Care-Guide.pdf""><span style=""color:#ff0033;"">here</span><span style=""color:#696969;""> </span></a></strong><span style=""font-size: 1em;"">to download.</span>",publish,,0,10/03/22 14:59,1049,open,UF-28560-P,,,no,no,,223,,1.3,60,8.5,60,,instock,no,no,,no,taxable,,,no,,,,,,,,https://inspiry.co.nz/wp-content/uploads/2022/03/UF-28560-5.jpg ! alt : Arte Wallpaper Feather  ! title : Arte Wallpaper Feather  1 ! desc :  ! caption :  | https://inspiry.co.nz/wp-content/uploads/2022/03/UF-28560-1-3.jpg ! alt : Arte Wallpaper Feather  ! title : Arte Wallpaper Feather  2 ! desc :  ! caption :  | https://inspiry.co.nz/wp-content/uploads/2022/03/UF-28560-2-3.jpg ! alt : Arte Wallpaper Feather  ! title : Arte Wallpaper Feather  3 ! desc :  ! caption : ,,https://inspiry.co.nz/products/arte-wallpaper-feather/,,,,,,,,,,,,variable,exclude_from_catalog|exclude_from_search,Wallpaper,,Free Shipping,,,,,,yes,,2022-03-12T17:07:21+00:00,,0,,,,,,,,,,,,,,,,,,,,,,,,,,,,,,,,,,,,,,,,,,,,,,,,,,,,,,,,,,,,,,,,,,,,,,,,,,,,,,,,,,,,,,,,,,,,,,Due in 5-7 Days.Order Now!,11|1|0,,,,,,,,,,,,,,,,,,,,,,,,,,,,,,,,,,,,,,Arte Wallpaper,0|1|0,,,,,,,,,,,,,,,,,,,,,,,,,,,,,,,,,,,,,,,,,Takara,1|1|0,,,,,28560|28561|28562,2|1|1,,,,,,,,,,,,,,"Back - Non-Woven, Paste The Wall Front -100% Paper",5|1|0,,,,,,,,,,,,,,,,,,,,,,,,,,,,,,,,,,,,,,,,,Due in 5-7 Days.Order Now!,12|1|0,,,,,,,,,,,Modern Contemporary,3|1|0,,,,,,,,,,,,,,,,,,,,,,,,,,,,,,,,,,,,,,,,,,,,,,,,,,,,,,,,,,,,,,,,,,,,,,,,,,,,,,,,,,,,,,,,,,,,,,,,,,,,,,,,,,,,,,,,,,,,,,,,,,,,,,,,,,,,,,,,,,,,,,,,,,,,,,,,,,,,,,,,,,,,,,,,,,,,,,,,,,,,,,,,,,,,,,,,,,,,,,,,,,,Straight Match,6|1|0,,,,,,,,,,,,,,,,,,,,,,,,,,,,,,,,,,,,,,,,,Belgium,10|1|0,,,,,,,,,,,Motif,4|1|0,,,,,,,,,,,,,,,,,,,,,,,,,,,,,,,,,,,,,,,,,,,,,,,,,,,,,,,,,,,,,,,,,,,,,,,,,,,,,,,,,,,,,,,,,,,,,,,,,,,,,,,,,,,,,,,,,,,,,,,,,,,,,,,,Metre,9|1|0,,,,,,,,,,,,,,,,,,,,,,,,,,,,,,,,,,,,,,,,,,,,,,,,,,,,,,,,,,,,,,,,,,,,,,,,,,,,,,,,11Cm,7|1|0,,,,,,,,,,,,,,,,,,,,,,,,,,,,,,,,,,,,,,,,,90Cm,8|1|0,,,,,,,,,,,,,
Arte Wallpaper Marsh,arte-wallpaper-marsh,,999517369,"Walls of woven grass - it's almost as if you're spending a night in a lodge out on the savanna. The structure has been realistically recreated, which lets you subtly bring a truly exotic feeling into your home. You're sure to find a suitable tint for any interior from among the seventeen colour variations.","<h1>Care Code</h1><p><img align=""baseline"" alt=""imageedit 3 5946527801"" height=""137"" src=""https://inspiry.co.nz/wp-content/uploads/2020/09/imageedit_3_5946527801.png"" title=""imageedit 3 5946527801"" width=""130"" /></p><h1>Care CodeGuide</h1><p><span style=""font-size: 1em;"">Careful and regular maintenance is the key to prolonging the life and retaining the appearance of soft furnishings. The following notes are offered as a brief guide on the care and cleaning of wallpaper.<br /><br />Please click </span><strong style=""font-size: 1em;""><a href=""https://inspiry.co.nz/wp-content/uploads/2020/09/Inspiry-Wallpaper-Care-Guide.pdf""><span style=""color:#ff0033;"">here</span><span style=""color:#696969;""> </span></a></strong><span style=""font-size: 1em;"">to download.</span>",publish,,0,10/03/22 14:59,1049,open,UF-31501-P,,,no,no,,619,,1.3,60,8.5,60,,instock,no,no,,no,taxable,,,no,,,,,,,,https://inspiry.co.nz/wp-content/uploads/2022/03/UF-31501-6.jpg ! alt : Arte Wallpaper Marsh  ! title : Arte Wallpaper Marsh  1 ! desc :  ! caption :  | https://inspiry.co.nz/wp-content/uploads/2022/03/UF-31501-1-3.jpg ! alt : Arte Wallpaper Marsh  ! title : Arte Wallpaper Marsh  2 ! desc :  ! caption :  | https://inspiry.co.nz/wp-content/uploads/2022/03/UF-31501-2-3.jpg ! alt : Arte Wallpaper Marsh  ! title : Arte Wallpaper Marsh  3 ! desc :  ! caption :  | https://inspiry.co.nz/wp-content/uploads/2022/03/UF-31501-3-3.jpg ! alt : Arte Wallpaper Marsh  ! title : Arte Wallpaper Marsh  4 ! desc :  ! caption : ,,https://inspiry.co.nz/products/arte-wallpaper-marsh/,,,,,,,,,,,,variable,exclude_from_catalog|exclude_from_search,Wallpaper,,Free Shipping,,,,,,yes,,2022-03-12T17:07:26+00:00,,0,,,,,,,,,,,,,,,,,,,,,,,,,,,,,,,,,,,,,,,,,,,,,,,,,,,,,,,,,,,,,,,,,,,,,,,,,,,,,,,,,,,,,,,,,,,,,,Due in 5-7 Days.Order Now!,12|1|0,,,,,,,,,,,,,,,,,,,,,,,,,,,,,,,,,,,,,,Arte Wallpaper,0|1|0,,,,,,,,,,,,,,,,,,,,,,,,,,,,,,,,,,,,,,,,,Avalon,1|1|0,,,,,31501|31502|31503|31504|31505|31506|31507|31508|31509|31510|31511|31512|31513|31514,2|1|1,,,,,,,,,,,,,,"Back - 100% Paper, Front -100% Vinyl",5|1|0,,,,,,,,,,,,,,,,,,,,,,,,,,,,,,,,,,,,,,,,,Due in 5-7 Days.Order Now!,13|1|0,,,,,,,,,,,Modern Contemporary,3|1|0,,,,,,,,,,,,,,,,,,,,,,,,,,,,,,,,,,,,,,,,,,,,,,,,,,,,,,,,,,,,,,,,,,,,,,,,,,,,,,,,,,,,,,,,,,,,,,,,,,,,,,,,,,,,,,,,,,,,,,,,,,,,,,,,,,,,,,,,,,,,,,,,,,,,,,,,,,,,,,,,,,,,,,,,,,,,,,,,,,,,,,,,,,,,,,,,,,,,,,,,,,,Free Match,6|1|0,,,,,,,,,,,,,,,,,,,,,,,,,,,,,,,,,,,,,,,,,Belgium,11|1|0,,,,,,,,,,,Grasscloth,4|1|0,,,,,,,,,,,,,,,,,,,,,,,,,,,,,,,,,,,,,,,,,,,,,,,,,,,,,,,,,,,,,,,,,10.05 Metre,9|1|0,,,,,,,,,,,,,,,,,,,,,,,,,,,,,,,,,,,,,,,,,,,,,,,,,,,,,,,,,,,,,,Roll,10|1|0,,,,,,,,,,,,,,,,,,,,,,,,,,,,,,,,,,,,,,,,,,,,,,,,,,,,,,,,,,,,,,,,,,,,,,,,,,,,,,,,0Cm,7|1|0,,,,,,,,,,,,,,,,,,,,,,,,,,,,,,,,,,,,,,,,,100Cm,8|1|0,,,,,,,,,,,,,
Arte Wallpaper Flamingo,arte-wallpaper-flamingo,,999517374,"Flamingo is the collection's eye-catcher; it's your direct ticket to the tropics. The colourful print covered with flamingos immediately draws one's attention, while the tangible structure of the woven grass gives this wallcovering another dimension.","<h1>Care Code</h1><p><img align=""baseline"" alt=""imageedit 3 5946527801"" height=""137"" src=""https://inspiry.co.nz/wp-content/uploads/2020/09/imageedit_3_5946527801.png"" title=""imageedit 3 5946527801"" width=""130"" /></p><h1>Care CodeGuide</h1><p><span style=""font-size: 1em;"">Careful and regular maintenance is the key to prolonging the life and retaining the appearance of soft furnishings. The following notes are offered as a brief guide on the care and cleaning of wallpaper.<br /><br />Please click </span><strong style=""font-size: 1em;""><a href=""https://inspiry.co.nz/wp-content/uploads/2020/09/Inspiry-Wallpaper-Care-Guide.pdf""><span style=""color:#ff0033;"">here</span><span style=""color:#696969;""> </span></a></strong><span style=""font-size: 1em;"">to download.</span>",publish,,0,10/03/22 14:59,1049,open,UF-31540-P,,,no,no,,575,,1.3,60,8.5,60,,instock,no,no,,no,taxable,,,no,,,,,,,,https://inspiry.co.nz/wp-content/uploads/2022/03/UF-31540-6.jpg ! alt : Arte Wallpaper Flamingo  ! title : Arte Wallpaper Flamingo  1 ! desc :  ! caption :  | https://inspiry.co.nz/wp-content/uploads/2022/03/UF-31540-1-3.jpg ! alt : Arte Wallpaper Flamingo  ! title : Arte Wallpaper Flamingo  2 ! desc :  ! caption :  | https://inspiry.co.nz/wp-content/uploads/2022/03/UF-31540-2-3.jpg ! alt : Arte Wallpaper Flamingo  ! title : Arte Wallpaper Flamingo  3 ! desc :  ! caption :  | https://inspiry.co.nz/wp-content/uploads/2022/03/UF-31540-3-3.jpg ! alt : Arte Wallpaper Flamingo  ! title : Arte Wallpaper Flamingo  4 ! desc :  ! caption : ,,https://inspiry.co.nz/products/arte-wallpaper-flamingo/,,,,,,,,,,,,variable,exclude_from_catalog|exclude_from_search,Wallpaper,,Free Shipping,,,,,,yes,,2022-03-12T17:07:27+00:00,,0,,,,,,,,,,,,,,,,,,,,,,,,,,,,,,,,,,,,,,,,,,,,,,,,,,,,,,,,,,,,,,,,,,,,,,,,,,,,,,,,,,,,,,,,,,,,,,Due in 5-7 Days.Order Now!,12|1|0,,,,,,,,,,,,,,,,,,,,,,,,,,,,,,,,,,,,,,Arte Wallpaper,0|1|0,,,,,,,,,,,,,,,,,,,,,,,,,,,,,,,,,,,,,,,,,Avalon,1|1|0,,,,,31540|31541|31542,2|1|1,,,,,,,,,,,,,,"Back - 100% Paper, Front -100% Vinyl",5|1|0,,,,,,,,,,,,,,,,,,,,,,,,,,,,,,,,,,,,,,,,,Due in 5-7 Days.Order Now!,13|1|0,,,,,,,,,,,Modern Contemporary,3|1|0,,,,,,,,,,,,,,,,,,,,,,,,,,,,,,,,,,,,,,,,,,,,,,,,,,,,,,,,,,,,,,,,,,,,,,,,,,,,,,,,,,,,,,,,,,,,,,,,,,,,,,,,,,,,,,,,,,,,,,,,,,,,,,,,,,,,,,,,,,,,,,,,,,,,,,,,,,,,,,,,,,,,,,,,,,,,,,,,,,,,,,,,,,,,,,,,,,,,,,,,,,,Drop Match,6|1|0,,,,,,,,,,,,,,,,,,,,,,,,,,,,,,,,,,,,,,,,,Belgium,11|1|0,,,,,,,,,,,Animals &amp; Nature,4|1|0,,,,,,,,,,,,,,,,,,,,,,,,,,,,,,,,,,,,,,,,,,,,,,,,,,,,,,,,,,,,,,,,,10.05 Metre,9|1|0,,,,,,,,,,,,,,,,,,,,,,,,,,,,,,,,,,,,,,,,,,,,,,,,,,,,,,,,,,,,,,Roll,10|1|0,,,,,,,,,,,,,,,,,,,,,,,,,,,,,,,,,,,,,,,,,,,,,,,,,,,,,,,,,,,,,,,,,,,,,,,,,,,,,,,,90Cm / 45Cm,7|1|0,,,,,,,,,,,,,,,,,,,,,,,,,,,,,,,,,,,,,,,,,100Cm,8|1|0,,,,,,,,,,,,,
Arte Wallpaper Temper,arte-wallpaper-temper,,999517379,"Temper. The fil-√¢ÀÜ≈°√¢‚Ç¨¬†-fil effect, which is woven into the core of the product results in a truly unique plain wallcovering. You can see this very well by looking at the back. This technique makes the textile effect on the wall very realistic.","<h1>Care Code</h1><p><img align=""baseline"" alt=""imageedit 5 2242489781"" height=""133"" src=""https://inspiry.co.nz/wp-content/uploads/2020/09/imageedit_5_2242489781.png"" title=""imageedit 5 2242489781"" width=""127"" /></p><h1>Care CodeGuide</h1><p><span style=""font-size: 1em;"">Careful and regular maintenance is the key to prolonging the life and retaining the appearance of soft furnishings. The following notes are offered as a brief guide on the care and cleaning of wallpaper.<br /><br />Please click </span><strong style=""font-size: 1em;""><a href=""https://inspiry.co.nz/wp-content/uploads/2020/09/Inspiry-Wallpaper-Care-Guide.pdf""><span style=""color:#ff0033;"">here</span><span style=""color:#696969;""> </span></a></strong><span style=""font-size: 1em;"">to download.</span>",publish,,0,10/03/22 14:59,1049,open,UF-34500-P,,,no,no,,435,,1.3,60,8.5,60,,instock,no,no,,no,taxable,,,no,,,,,,,,https://inspiry.co.nz/wp-content/uploads/2022/03/UF-34500-6.jpg ! alt : Arte Wallpaper Temper  ! title : Arte Wallpaper Temper  1 ! desc :  ! caption :  | https://inspiry.co.nz/wp-content/uploads/2022/03/UF-34500-1-3.jpg ! alt : Arte Wallpaper Temper  ! title : Arte Wallpaper Temper  2 ! desc :  ! caption :  | https://inspiry.co.nz/wp-content/uploads/2022/03/UF-34500-2-3.jpg ! alt : Arte Wallpaper Temper  ! title : Arte Wallpaper Temper  3 ! desc :  ! caption :  | https://inspiry.co.nz/wp-content/uploads/2022/03/UF-34500-3-3.jpg ! alt : Arte Wallpaper Temper  ! title : Arte Wallpaper Temper  4 ! desc :  ! caption : ,,https://inspiry.co.nz/products/arte-wallpaper-temper/,,,,,,,,,,,,variable,exclude_from_catalog|exclude_from_search,Wallpaper,,Free Shipping,,,,,,yes,,2022-03-10T04:26:04+00:00,,0,,,,,,,,,,,,,,,,,,,,,,,,,,,,,,,,,,,,,,,,,,,,,,,,,,,,,,,,,,,,,,,,,,,,,,,,,,,,,,,,,,,,,,,,,,,,,,Due in 5-7 Days.Order Now!,12|1|0,,,,,,,,,,,,,,,,,,,,,,,,,,,,,,,,,,,,,,Arte Wallpaper,0|1|0,,,,,,,,,,,,,,,,,,,,,,,,,,,,,,,,,,,,,,,,,Insolence,1|1|0,,,,,34500|34501|34502|34503|34504|34505|34506|34507|34508|34509|34510|34511|34512|34513|34514|34515|34516|34517|34518,2|1|1,,,,,,,,,,,,,,Non Woven Paste the Wall,5|1|0,,,,,,,,,,,,,,,,,,,,,,,,,,,,,,,,,,,,,,,,,Due in 5-7 Days.Order Now!,13|1|0,,,,,,,,,,,Modern Contemporary,3|1|0,,,,,,,,,,,,,,,,,,,,,,,,,,,,,,,,,,,,,,,,,,,,,,,,,,,,,,,,,,,,,,,,,,,,,,,,,,,,,,,,,,,,,,,,,,,,,,,,,,,,,,,,,,,,,,,,,,,,,,,,,,,,,,,,,,,,,,,,,,,,,,,,,,,,,,,,,,,,,,,,,,,,,,,,,,,,,,,,,,,,,,,,,,,,,,,,,,,,,,,,,,,Free Match,6|1|0,,,,,,,,,,,,,,,,,,,,,,,,,,,,,,,,,,,,,,,,,Belgium,11|1|0,,,,,,,,,,,Plain,4|1|0,,,,,,,,,,,,,,,,,,,,,,,,,,,,,,,,,,,,,,,,,,,,,,,,,,,,,,,,,,,,,,,,,8.50M,9|1|0,,,,,,,,,,,,,,,,,,,,,,,,,,,,,,,,,,,,,,,,,,,,,,,,,,,,,,,,,,,,,,Roll,10|1|0,,,,,,,,,,,,,,,,,,,,,,,,,,,,,,,,,,,,,,,,,,,,,,,,,,,,,,,,,,,,,,,,,,,,,,,,,,,,,,,,0Cm,7|1|0,,,,,,,,,,,,,,,,,,,,,,,,,,,,,,,,,,,,,,,,,70Cm,8|1|0,,,,,,,,,,,,,
Arte Wallpaper Shiver,arte-wallpaper-shiver,,999517384,"Temper. The fil-a-fil effect, which is woven into the core of the product results in a truly unique plain wallpaper. You can see this very well by looking at the back. This technique makes the textile effect on the wall very realistic. A non-woven wallpaper with a realistic textile effect.","<h1>Care Code</h1><p><img align=""baseline"" alt=""imageedit 5 2242489781"" height=""133"" src=""https://inspiry.co.nz/wp-content/uploads/2020/09/imageedit_5_2242489781.png"" title=""imageedit 5 2242489781"" width=""127"" /></p><h1>Care CodeGuide</h1><p><span style=""font-size: 1em;"">Careful and regular maintenance is the key to prolonging the life and retaining the appearance of soft furnishings. The following notes are offered as a brief guide on the care and cleaning of wallpaper.<br /><br />Please click </span><strong style=""font-size: 1em;""><a href=""https://inspiry.co.nz/wp-content/uploads/2020/09/Inspiry-Wallpaper-Care-Guide.pdf""><span style=""color:#ff0033;"">here</span><span style=""color:#696969;""> </span></a></strong><span style=""font-size: 1em;"">to download.</span>",publish,,0,10/03/22 14:59,1049,open,UF-34540-P,,,no,no,,467,,1.3,60,8.5,60,,instock,no,no,,no,taxable,,,no,,,,,,,,https://inspiry.co.nz/wp-content/uploads/2022/03/UF-34540-6.jpg ! alt : Arte Wallpaper Shiver  ! title : Arte Wallpaper Shiver  1 ! desc :  ! caption :  | https://inspiry.co.nz/wp-content/uploads/2022/03/UF-34540-1-3.jpg ! alt : Arte Wallpaper Shiver  ! title : Arte Wallpaper Shiver  2 ! desc :  ! caption :  | https://inspiry.co.nz/wp-content/uploads/2022/03/UF-34540-2-3.jpg ! alt : Arte Wallpaper Shiver  ! title : Arte Wallpaper Shiver  3 ! desc :  ! caption :  | https://inspiry.co.nz/wp-content/uploads/2022/03/UF-34540-3-3.jpg ! alt : Arte Wallpaper Shiver  ! title : Arte Wallpaper Shiver  4 ! desc :  ! caption : ,,https://inspiry.co.nz/products/arte-wallpaper-shiver/,,,,,,,,,,,,variable,exclude_from_catalog|exclude_from_search,Wallpaper,,Free Shipping,,,,,,yes,,2022-03-10T04:26:05+00:00,,0,,,,,,,,,,,,,,,,,,,,,,,,,,,,,,,,,,,,,,,,,,,,,,,,,,,,,,,,,,,,,,,,,,,,,,,,,,,,,,,,,,,,,,,,,,,,,,Due in 5-7 Days.Order Now!,12|1|0,,,,,,,,,,,,,,,,,,,,,,,,,,,,,,,,,,,,,,Arte Wallpaper,0|1|0,,,,,,,,,,,,,,,,,,,,,,,,,,,,,,,,,,,,,,,,,Insolence,1|1|0,,,,,34540|34541|34542|34543|34544,2|1|1,,,,,,,,,,,,,,Non Woven Paste the Wall,5|1|0,,,,,,,,,,,,,,,,,,,,,,,,,,,,,,,,,,,,,,,,,Due in 5-7 Days.Order Now!,13|1|0,,,,,,,,,,,Modern Contemporary,3|1|0,,,,,,,,,,,,,,,,,,,,,,,,,,,,,,,,,,,,,,,,,,,,,,,,,,,,,,,,,,,,,,,,,,,,,,,,,,,,,,,,,,,,,,,,,,,,,,,,,,,,,,,,,,,,,,,,,,,,,,,,,,,,,,,,,,,,,,,,,,,,,,,,,,,,,,,,,,,,,,,,,,,,,,,,,,,,,,,,,,,,,,,,,,,,,,,,,,,,,,,,,,,Free Match,6|1|0,,,,,,,,,,,,,,,,,,,,,,,,,,,,,,,,,,,,,,,,,Belgium,11|1|0,,,,,,,,,,,Texture,4|1|0,,,,,,,,,,,,,,,,,,,,,,,,,,,,,,,,,,,,,,,,,,,,,,,,,,,,,,,,,,,,,,,,,8.50M,9|1|0,,,,,,,,,,,,,,,,,,,,,,,,,,,,,,,,,,,,,,,,,,,,,,,,,,,,,,,,,,,,,,Roll,10|1|0,,,,,,,,,,,,,,,,,,,,,,,,,,,,,,,,,,,,,,,,,,,,,,,,,,,,,,,,,,,,,,,,,,,,,,,,,,,,,,,,0Cm,7|1|0,,,,,,,,,,,,,,,,,,,,,,,,,,,,,,,,,,,,,,,,,70Cm,8|1|0,,,,,,,,,,,,,
Arte Wallpaper Peacock,arte-wallpaper-peacock,,999517389,"Luxurious plumage. The feathers from a peacock's tail have a hypnotising beauty. In Peacock, they are the source of inspiration for a geometrical pattern in a creative colour combination.","<h1>Care Code</h1><p><img align=""baseline"" alt=""imageedit 3 5946527801"" height=""137"" src=""https://inspiry.co.nz/wp-content/uploads/2020/09/imageedit_3_5946527801.png"" title=""imageedit 3 5946527801"" width=""130"" /></p><h1>Care CodeGuide</h1><p><span style=""font-size: 1em;"">Careful and regular maintenance is the key to prolonging the life and retaining the appearance of soft furnishings. The following notes are offered as a brief guide on the care and cleaning of wallpaper.<br /><br />Please click </span><strong style=""font-size: 1em;""><a href=""https://inspiry.co.nz/wp-content/uploads/2020/09/Inspiry-Wallpaper-Care-Guide.pdf""><span style=""color:#ff0033;"">here</span><span style=""color:#696969;""> </span></a></strong><span style=""font-size: 1em;"">to download.</span>",publish,,0,10/03/22 14:59,1049,open,UF-13510-P,,,no,no,,665,,1.3,60,8.5,60,,instock,no,no,,no,taxable,,,no,,,,,,,,https://inspiry.co.nz/wp-content/uploads/2022/03/UF-13510-6.jpg ! alt : Arte Wallpaper Peacock  ! title : Arte Wallpaper Peacock  1 ! desc :  ! caption :  | https://inspiry.co.nz/wp-content/uploads/2022/03/UF-13510-1-3.jpg ! alt : Arte Wallpaper Peacock  ! title : Arte Wallpaper Peacock  2 ! desc :  ! caption :  | https://inspiry.co.nz/wp-content/uploads/2022/03/UF-13510-2-3.jpg ! alt : Arte Wallpaper Peacock  ! title : Arte Wallpaper Peacock  3 ! desc :  ! caption :  | https://inspiry.co.nz/wp-content/uploads/2022/03/UF-13510-3-3.jpg ! alt : Arte Wallpaper Peacock  ! title : Arte Wallpaper Peacock  4 ! desc :  ! caption : ,,https://inspiry.co.nz/products/arte-wallpaper-peacock/,,,,,,,,,,,,variable,exclude_from_catalog|exclude_from_search,Wallpaper,,Free Shipping,,,,,,yes,,2022-03-10T04:26:05+00:00,,0,,,,,,,,,,,,,,,,,,,,,,,,,,,,,,,,,,,,,,,,,,,,,,,,,,,,,,,,,,,,,,,,,,,,,,,,,,,,,,,,,,,,,,,,,,,,,,Due in 5-7 Days.Order Now!,12|1|0,,,,,,,,,,,,,,,,,,,,,,,,,,,,,,,,,,,,,,Arte Wallpaper,0|1|0,,,,,,,,,,,,,,,,,,,,,,,,,,,,,,,,,,,,,,,,,Curiosa,1|1|0,,,,,13510|13511|13512,2|1|1,,,,,,,,,,,,,,"Back - 100% Paper, Front -100% Vinyl",5|1|0,,,,,,,,,,,,,,,,,,,,,,,,,,,,,,,,,,,,,,,,,Due in 5-7 Days.Order Now!,13|1|0,,,,,,,,,,,Modern Contemporary,3|1|0,,,,,,,,,,,,,,,,,,,,,,,,,,,,,,,,,,,,,,,,,,,,,,,,,,,,,,,,,,,,,,,,,,,,,,,,,,,,,,,,,,,,,,,,,,,,,,,,,,,,,,,,,,,,,,,,,,,,,,,,,,,,,,,,,,,,,,,,,,,,,,,,,,,,,,,,,,,,,,,,,,,,,,,,,,,,,,,,,,,,,,,,,,,,,,,,,,,,,,,,,,,Straight Match,6|1|0,,,,,,,,,,,,,,,,,,,,,,,,,,,,,,,,,,,,,,,,,Belgium,11|1|0,,,,,,,,,,,Motif,4|1|0,,,,,,,,,,,,,,,,,,,,,,,,,,,,,,,,,,,,,,,,,,,,,,,,,,,,,,,,,,,,,,,,,10.05 Metre,9|1|0,,,,,,,,,,,,,,,,,,,,,,,,,,,,,,,,,,,,,,,,,,,,,,,,,,,,,,,,,,,,,,Roll,10|1|0,,,,,,,,,,,,,,,,,,,,,,,,,,,,,,,,,,,,,,,,,,,,,,,,,,,,,,,,,,,,,,,,,,,,,,,,,,,,,,,,53Cm,7|1|0,,,,,,,,,,,,,,,,,,,,,,,,,,,,,,,,,,,,,,,,,100Cm,8|1|0,,,,,,,,,,,,,
Arte Wallpaper Grove,arte-wallpaper-grove,,999517394,Botanic dreams. Grove possesses an opulent green and continues the tropical trend. A botanical garden has never been so accessible.,"<h1>Care Code</h1><p><img align=""baseline"" alt=""imageedit 3 5946527801"" height=""137"" src=""https://inspiry.co.nz/wp-content/uploads/2020/09/imageedit_3_5946527801.png"" title=""imageedit 3 5946527801"" width=""130"" /></p><h1>Care CodeGuide</h1><p><span style=""font-size: 1em;"">Careful and regular maintenance is the key to prolonging the life and retaining the appearance of soft furnishings. The following notes are offered as a brief guide on the care and cleaning of wallpaper.<br /><br />Please click </span><strong style=""font-size: 1em;""><a href=""https://inspiry.co.nz/wp-content/uploads/2020/09/Inspiry-Wallpaper-Care-Guide.pdf""><span style=""color:#ff0033;"">here</span><span style=""color:#696969;""> </span></a></strong><span style=""font-size: 1em;"">to download.</span>",publish,,0,10/03/22 14:59,1049,open,UF-13520-P,,,no,no,,665,,1.3,60,8.5,60,,instock,no,no,,no,taxable,,,no,,,,,,,,https://inspiry.co.nz/wp-content/uploads/2022/03/UF-13520-6.jpg ! alt : Arte Wallpaper Grove  ! title : Arte Wallpaper Grove  1 ! desc :  ! caption :  | https://inspiry.co.nz/wp-content/uploads/2022/03/UF-13520-1-3.jpg ! alt : Arte Wallpaper Grove  ! title : Arte Wallpaper Grove  2 ! desc :  ! caption :  | https://inspiry.co.nz/wp-content/uploads/2022/03/UF-13520-2-3.jpg ! alt : Arte Wallpaper Grove  ! title : Arte Wallpaper Grove  3 ! desc :  ! caption :  | https://inspiry.co.nz/wp-content/uploads/2022/03/UF-13520-3-3.jpg ! alt : Arte Wallpaper Grove  ! title : Arte Wallpaper Grove  4 ! desc :  ! caption : ,,https://inspiry.co.nz/products/arte-wallpaper-grove/,,,,,,,,,,,,variable,exclude_from_catalog|exclude_from_search,Wallpaper,,Free Shipping,,,,,,yes,,2022-03-10T04:26:05+00:00,,0,,,,,,,,,,,,,,,,,,,,,,,,,,,,,,,,,,,,,,,,,,,,,,,,,,,,,,,,,,,,,,,,,,,,,,,,,,,,,,,,,,,,,,,,,,,,,,Due in 5-7 Days.Order Now!,12|1|0,,,,,,,,,,,,,,,,,,,,,,,,,,,,,,,,,,,,,,Arte Wallpaper,0|1|0,,,,,,,,,,,,,,,,,,,,,,,,,,,,,,,,,,,,,,,,,Curiosa,1|1|0,,,,,13520|13521|13522,2|1|1,,,,,,,,,,,,,,"Back - 100% Paper, Front -100% Vinyl",5|1|0,,,,,,,,,,,,,,,,,,,,,,,,,,,,,,,,,,,,,,,,,Due in 5-7 Days.Order Now!,13|1|0,,,,,,,,,,,Modern Contemporary,3|1|0,,,,,,,,,,,,,,,,,,,,,,,,,,,,,,,,,,,,,,,,,,,,,,,,,,,,,,,,,,,,,,,,,,,,,,,,,,,,,,,,,,,,,,,,,,,,,,,,,,,,,,,,,,,,,,,,,,,,,,,,,,,,,,,,,,,,,,,,,,,,,,,,,,,,,,,,,,,,,,,,,,,,,,,,,,,,,,,,,,,,,,,,,,,,,,,,,,,,,,,,,,,Drop Match,6|1|0,,,,,,,,,,,,,,,,,,,,,,,,,,,,,,,,,,,,,,,,,Roll,11|1|0,,,,,,,,,,,Animals &amp; Nature,4|1|0,,,,,,,,,,,,,,,,,,,,,,,,,,,,,,,,,,,,,,,,,,,,,,,,,,,,,,,,,,,,,,,,,10.05 Metre,9|1|0,,,,,,,,,,,,,,,,,,,,,,,,,,,,,,,,,,,,,,,,,,,,,,,,,,,,,,,,,,,,,,Roll,10|1|0,,,,,,,,,,,,,,,,,,,,,,,,,,,,,,,,,,,,,,,,,,,,,,,,,,,,,,,,,,,,,,,,,,,,,,,,,,,,,,,,90Cm / 45Cm,7|1|0,,,,,,,,,,,,,,,,,,,,,,,,,,,,,,,,,,,,,,,,,100Cm,8|1|0,,,,,,,,,,,,,
Arte Wallpaper Langur,arte-wallpaper-langur,,999517399,"Animal magic. Monkey see, monkey do! The playful little monkeys of Langur can amuse themselves on your walls without making a mess.","<h1>Care Code</h1><p><img align=""baseline"" alt=""imageedit 3 5946527801"" height=""137"" src=""https://inspiry.co.nz/wp-content/uploads/2020/09/imageedit_3_5946527801.png"" title=""imageedit 3 5946527801"" width=""130"" /></p><h1>Care CodeGuide</h1><p><span style=""font-size: 1em;"">Careful and regular maintenance is the key to prolonging the life and retaining the appearance of soft furnishings. The following notes are offered as a brief guide on the care and cleaning of wallpaper.<br /><br />Please click </span><strong style=""font-size: 1em;""><a href=""https://inspiry.co.nz/wp-content/uploads/2020/09/Inspiry-Wallpaper-Care-Guide.pdf""><span style=""color:#ff0033;"">here</span><span style=""color:#696969;""> </span></a></strong><span style=""font-size: 1em;"">to download.</span>",publish,,0,10/03/22 14:59,1049,open,UF-13530-P,,,no,no,,513,,1.3,60,8.5,60,,instock,no,no,,no,taxable,,,no,,,,,,,,https://inspiry.co.nz/wp-content/uploads/2022/03/UF-13530-6.jpg ! alt : Arte Wallpaper Langur  ! title : Arte Wallpaper Langur  1 ! desc :  ! caption :  | https://inspiry.co.nz/wp-content/uploads/2022/03/UF-13530-1-3.jpg ! alt : Arte Wallpaper Langur  ! title : Arte Wallpaper Langur  2 ! desc :  ! caption :  | https://inspiry.co.nz/wp-content/uploads/2022/03/UF-13530-2-3.jpg ! alt : Arte Wallpaper Langur  ! title : Arte Wallpaper Langur  3 ! desc :  ! caption :  | https://inspiry.co.nz/wp-content/uploads/2022/03/UF-13530-3-3.jpg ! alt : Arte Wallpaper Langur  ! title : Arte Wallpaper Langur  4 ! desc :  ! caption : ,,https://inspiry.co.nz/products/arte-wallpaper-langur/,,,,,,,,,,,,variable,exclude_from_catalog|exclude_from_search,Wallpaper,,Free Shipping,,,,,,yes,,2022-03-10T04:26:06+00:00,,0,,,,,,,,,,,,,,,,,,,,,,,,,,,,,,,,,,,,,,,,,,,,,,,,,,,,,,,,,,,,,,,,,,,,,,,,,,,,,,,,,,,,,,,,,,,,,,Due in 5-7 Days.Order Now!,12|1|0,,,,,,,,,,,,,,,,,,,,,,,,,,,,,,,,,,,,,,Arte Wallpaper,0|1|0,,,,,,,,,,,,,,,,,,,,,,,,,,,,,,,,,,,,,,,,,Curiosa,1|1|0,,,,,13530|13531|13532,2|1|1,,,,,,,,,,,,,,"Back - Non-Woven, Front -100% Vinyl, Paste The Wall",5|1|0,,,,,,,,,,,,,,,,,,,,,,,,,,,,,,,,,,,,,,,,,Due in 5-7 Days.Order Now!,13|1|0,,,,,,,,,,,Modern Contemporary,3|1|0,,,,,,,,,,,,,,,,,,,,,,,,,,,,,,,,,,,,,,,,,,,,,,,,,,,,,,,,,,,,,,,,,,,,,,,,,,,,,,,,,,,,,,,,,,,,,,,,,,,,,,,,,,,,,,,,,,,,,,,,,,,,,,,,,,,,,,,,,,,,,,,,,,,,,,,,,,,,,,,,,,,,,,,,,,,,,,,,,,,,,,,,,,,,,,,,,,,,,,,,,,,Straight Match,6|1|0,,,,,,,,,,,,,,,,,,,,,,,,,,,,,,,,,,,,,,,,,Roll,11|1|0,,,,,,,,,,,Animals &amp; Nature,4|1|0,,,,,,,,,,,,,,,,,,,,,,,,,,,,,,,,,,,,,,,,,,,,,,,,,,,,,,,,,,,,,,,,,10.05 Metre,9|1|0,,,,,,,,,,,,,,,,,,,,,,,,,,,,,,,,,,,,,,,,,,,,,,,,,,,,,,,,,,,,,,Roll,10|1|0,,,,,,,,,,,,,,,,,,,,,,,,,,,,,,,,,,,,,,,,,,,,,,,,,,,,,,,,,,,,,,,,,,,,,,,,,,,,,,,,90Cm,7|1|0,,,,,,,,,,,,,,,,,,,,,,,,,,,,,,,,,,,,,,,,,70Cm,8|1|0,,,,,,,,,,,,,
Arte Wallpaper Vanity,arte-wallpaper-vanity,,999517404,"Vanity. A modern herringbone inspired by the Gatsby style, with a fine line in metallic gold. A non-woven wallpaper with a realistic textile effect.","<h1>Care Code</h1><p><img align=""baseline"" alt=""imageedit 5 2242489781"" height=""133"" src=""https://inspiry.co.nz/wp-content/uploads/2020/09/imageedit_5_2242489781.png"" title=""imageedit 5 2242489781"" width=""127"" /></p><h1>Care CodeGuide</h1><p><span style=""font-size: 1em;"">Careful and regular maintenance is the key to prolonging the life and retaining the appearance of soft furnishings. The following notes are offered as a brief guide on the care and cleaning of wallpaper.<br /><br />Please click </span><strong style=""font-size: 1em;""><a href=""https://inspiry.co.nz/wp-content/uploads/2020/09/Inspiry-Wallpaper-Care-Guide.pdf""><span style=""color:#ff0033;"">here</span><span style=""color:#696969;""> </span></a></strong><span style=""font-size: 1em;"">to download.</span>",publish,,0,10/03/22 14:59,1049,open,UF-34560-P,,,no,no,,559,,1.3,60,8.5,60,,instock,no,no,,no,taxable,,,no,,,,,,,,https://inspiry.co.nz/wp-content/uploads/2022/03/UF-34560-6.jpg ! alt : Arte Wallpaper Vanity  ! title : Arte Wallpaper Vanity  1 ! desc :  ! caption :  | https://inspiry.co.nz/wp-content/uploads/2022/03/UF-34560-1-3.jpg ! alt : Arte Wallpaper Vanity  ! title : Arte Wallpaper Vanity  2 ! desc :  ! caption :  | https://inspiry.co.nz/wp-content/uploads/2022/03/UF-34560-2-3.jpg ! alt : Arte Wallpaper Vanity  ! title : Arte Wallpaper Vanity  3 ! desc :  ! caption :  | https://inspiry.co.nz/wp-content/uploads/2022/03/UF-34560-3-3.jpg ! alt : Arte Wallpaper Vanity  ! title : Arte Wallpaper Vanity  4 ! desc :  ! caption : ,,https://inspiry.co.nz/products/arte-wallpaper-vanity/,,,,,,,,,,,,variable,exclude_from_catalog|exclude_from_search,Wallpaper,,Free Shipping,,,,,,yes,,2022-03-10T04:26:06+00:00,,0,,,,,,,,,,,,,,,,,,,,,,,,,,,,,,,,,,,,,,,,,,,,,,,,,,,,,,,,,,,,,,,,,,,,,,,,,,,,,,,,,,,,,,,,,,,,,,Due in 5-7 Days.Order Now!,12|1|0,,,,,,,,,,,,,,,,,,,,,,,,,,,,,,,,,,,,,,Arte Wallpaper,0|1|0,,,,,,,,,,,,,,,,,,,,,,,,,,,,,,,,,,,,,,,,,Insolence,1|1|0,,,,,34560|34561|34562|34563,2|1|1,,,,,,,,,,,,,,Non Woven Paste the Wall,5|1|0,,,,,,,,,,,,,,,,,,,,,,,,,,,,,,,,,,,,,,,,,Due in 5-7 Days.Order Now!,13|1|0,,,,,,,,,,,Modern Contemporary,3|1|0,,,,,,,,,,,,,,,,,,,,,,,,,,,,,,,,,,,,,,,,,,,,,,,,,,,,,,,,,,,,,,,,,,,,,,,,,,,,,,,,,,,,,,,,,,,,,,,,,,,,,,,,,,,,,,,,,,,,,,,,,,,,,,,,,,,,,,,,,,,,,,,,,,,,,,,,,,,,,,,,,,,,,,,,,,,,,,,,,,,,,,,,,,,,,,,,,,,,,,,,,,,Straight Match,6|1|0,,,,,,,,,,,,,,,,,,,,,,,,,,,,,,,,,,,,,,,,,Belgium,11|1|0,,,,,,,,,,,Motif,4|1|0,,,,,,,,,,,,,,,,,,,,,,,,,,,,,,,,,,,,,,,,,,,,,,,,,,,,,,,,,,,,,,,,,8.50M,9|1|0,,,,,,,,,,,,,,,,,,,,,,,,,,,,,,,,,,,,,,,,,,,,,,,,,,,,,,,,,,,,,,Roll,10|1|0,,,,,,,,,,,,,,,,,,,,,,,,,,,,,,,,,,,,,,,,,,,,,,,,,,,,,,,,,,,,,,,,,,,,,,,,,,,,,,,,32Cm,7|1|0,,,,,,,,,,,,,,,,,,,,,,,,,,,,,,,,,,,,,,,,,70Cm,8|1|0,,,,,,,,,,,,,
Arte Wallpaper Blast,arte-wallpaper-blast,,999517409,"Back to the roaring 20's. Blast, a trendy interpretation of the classic terrazzo floors, which are undeniably making a comeback in interiors. A non-woven wallpaper with a realistic textile effect.","<h1>Care Code</h1><p><img align=""baseline"" alt=""imageedit 5 2242489781"" height=""133"" src=""https://inspiry.co.nz/wp-content/uploads/2020/09/imageedit_5_2242489781.png"" title=""imageedit 5 2242489781"" width=""127"" /></p><h1>Care CodeGuide</h1><p><span style=""font-size: 1em;"">Careful and regular maintenance is the key to prolonging the life and retaining the appearance of soft furnishings. The following notes are offered as a brief guide on the care and cleaning of wallpaper.<br /><br />Please click </span><strong style=""font-size: 1em;""><a href=""https://inspiry.co.nz/wp-content/uploads/2020/09/Inspiry-Wallpaper-Care-Guide.pdf""><span style=""color:#ff0033;"">here</span><span style=""color:#696969;""> </span></a></strong><span style=""font-size: 1em;"">to download.</span>",publish,,0,10/03/22 14:59,1049,open,UF-34580-P,,,no,no,,559,,1.3,60,8.5,60,,instock,no,no,,no,taxable,,,no,,,,,,,,https://inspiry.co.nz/wp-content/uploads/2022/03/UF-34580-6.jpg ! alt : Arte Wallpaper Blast  ! title : Arte Wallpaper Blast  1 ! desc :  ! caption :  | https://inspiry.co.nz/wp-content/uploads/2022/03/UF-34580-1-3.jpg ! alt : Arte Wallpaper Blast  ! title : Arte Wallpaper Blast  2 ! desc :  ! caption :  | https://inspiry.co.nz/wp-content/uploads/2022/03/UF-34580-2-3.jpg ! alt : Arte Wallpaper Blast  ! title : Arte Wallpaper Blast  3 ! desc :  ! caption :  | https://inspiry.co.nz/wp-content/uploads/2022/03/UF-34580-3-3.jpg ! alt : Arte Wallpaper Blast  ! title : Arte Wallpaper Blast  4 ! desc :  ! caption : ,,https://inspiry.co.nz/products/arte-wallpaper-blast/,,,,,,,,,,,,variable,exclude_from_catalog|exclude_from_search,Wallpaper,,Free Shipping,,,,,,yes,,2022-03-10T04:26:06+00:00,,0,,,,,,,,,,,,,,,,,,,,,,,,,,,,,,,,,,,,,,,,,,,,,,,,,,,,,,,,,,,,,,,,,,,,,,,,,,,,,,,,,,,,,,,,,,,,,,Due in 5-7 Days.Order Now!,12|1|0,,,,,,,,,,,,,,,,,,,,,,,,,,,,,,,,,,,,,,Arte Wallpaper,0|1|0,,,,,,,,,,,,,,,,,,,,,,,,,,,,,,,,,,,,,,,,,Insolence,1|1|0,,,,,34580|34581|34582,2|1|1,,,,,,,,,,,,,,Non Woven Paste the Wall,5|1|0,,,,,,,,,,,,,,,,,,,,,,,,,,,,,,,,,,,,,,,,,Due in 5-7 Days.Order Now!,13|1|0,,,,,,,,,,,Modern Contemporary,3|1|0,,,,,,,,,,,,,,,,,,,,,,,,,,,,,,,,,,,,,,,,,,,,,,,,,,,,,,,,,,,,,,,,,,,,,,,,,,,,,,,,,,,,,,,,,,,,,,,,,,,,,,,,,,,,,,,,,,,,,,,,,,,,,,,,,,,,,,,,,,,,,,,,,,,,,,,,,,,,,,,,,,,,,,,,,,,,,,,,,,,,,,,,,,,,,,,,,,,,,,,,,,,Drop Match,6|1|0,,,,,,,,,,,,,,,,,,,,,,,,,,,,,,,,,,,,,,,,,Belgium,11|1|0,,,,,,,,,,,Motif,4|1|0,,,,,,,,,,,,,,,,,,,,,,,,,,,,,,,,,,,,,,,,,,,,,,,,,,,,,,,,,,,,,,,,,8.50M,9|1|0,,,,,,,,,,,,,,,,,,,,,,,,,,,,,,,,,,,,,,,,,,,,,,,,,,,,,,,,,,,,,,Roll,10|1|0,,,,,,,,,,,,,,,,,,,,,,,,,,,,,,,,,,,,,,,,,,,,,,,,,,,,,,,,,,,,,,,,,,,,,,,,,,,,,,,,64Cm / 32Cm,7|1|0,,,,,,,,,,,,,,,,,,,,,,,,,,,,,,,,,,,,,,,,,70Cm,8|1|0,,,,,,,,,,,,,
Arte Wallpaper Nerve,arte-wallpaper-nerve,,999517414,"Nerve. This design fits perfectly into the layering trend. The pattern is simplistic, but you can look at it for ages. Which plane came first? A non-woven wallpaper with a realistic textile effect.","<h1>Care Code</h1><p><img align=""baseline"" alt=""imageedit 5 2242489781"" height=""133"" src=""https://inspiry.co.nz/wp-content/uploads/2020/09/imageedit_5_2242489781.png"" title=""imageedit 5 2242489781"" width=""127"" /></p><h1>Care CodeGuide</h1><p><span style=""font-size: 1em;"">Careful and regular maintenance is the key to prolonging the life and retaining the appearance of soft furnishings. The following notes are offered as a brief guide on the care and cleaning of wallpaper.<br /><br />Please click </span><strong style=""font-size: 1em;""><a href=""https://inspiry.co.nz/wp-content/uploads/2020/09/Inspiry-Wallpaper-Care-Guide.pdf""><span style=""color:#ff0033;"">here</span><span style=""color:#696969;""> </span></a></strong><span style=""font-size: 1em;"">to download.</span>",publish,,0,10/03/22 14:59,1049,open,UF-34600-P,,,no,no,,467,,1.3,60,8.5,60,,instock,no,no,,no,taxable,,,no,,,,,,,,https://inspiry.co.nz/wp-content/uploads/2022/03/UF-34600-5.jpg ! alt : Arte Wallpaper Nerve  ! title : Arte Wallpaper Nerve  1 ! desc :  ! caption :  | https://inspiry.co.nz/wp-content/uploads/2022/03/UF-34600-1-3.jpg ! alt : Arte Wallpaper Nerve  ! title : Arte Wallpaper Nerve  2 ! desc :  ! caption :  | https://inspiry.co.nz/wp-content/uploads/2022/03/UF-34600-2-3.jpg ! alt : Arte Wallpaper Nerve  ! title : Arte Wallpaper Nerve  3 ! desc :  ! caption : ,,https://inspiry.co.nz/products/arte-wallpaper-nerve/,,,,,,,,,,,,variable,exclude_from_catalog|exclude_from_search,Wallpaper,,Free Shipping,,,,,,yes,,2022-03-10T04:26:07+00:00,,0,,,,,,,,,,,,,,,,,,,,,,,,,,,,,,,,,,,,,,,,,,,,,,,,,,,,,,,,,,,,,,,,,,,,,,,,,,,,,,,,,,,,,,,,,,,,,,Due in 5-7 Days.Order Now!,12|1|0,,,,,,,,,,,,,,,,,,,,,,,,,,,,,,,,,,,,,,Arte Wallpaper,0|1|0,,,,,,,,,,,,,,,,,,,,,,,,,,,,,,,,,,,,,,,,,Insolence,1|1|0,,,,,34600|34601|34602|34603,2|1|1,,,,,,,,,,,,,,Non Woven Paste the Wall,5|1|0,,,,,,,,,,,,,,,,,,,,,,,,,,,,,,,,,,,,,,,,,Due in 5-7 Days.Order Now!,13|1|0,,,,,,,,,,,Modern Contemporary,3|1|0,,,,,,,,,,,,,,,,,,,,,,,,,,,,,,,,,,,,,,,,,,,,,,,,,,,,,,,,,,,,,,,,,,,,,,,,,,,,,,,,,,,,,,,,,,,,,,,,,,,,,,,,,,,,,,,,,,,,,,,,,,,,,,,,,,,,,,,,,,,,,,,,,,,,,,,,,,,,,,,,,,,,,,,,,,,,,,,,,,,,,,,,,,,,,,,,,,,,,,,,,,,Straight Match,6|1|0,,,,,,,,,,,,,,,,,,,,,,,,,,,,,,,,,,,,,,,,,Belgium,11|1|0,,,,,,,,,,,Motif,4|1|0,,,,,,,,,,,,,,,,,,,,,,,,,,,,,,,,,,,,,,,,,,,,,,,,,,,,,,,,,,,,,,,,,8.50M,9|1|0,,,,,,,,,,,,,,,,,,,,,,,,,,,,,,,,,,,,,,,,,,,,,,,,,,,,,,,,,,,,,,Roll,10|1|0,,,,,,,,,,,,,,,,,,,,,,,,,,,,,,,,,,,,,,,,,,,,,,,,,,,,,,,,,,,,,,,,,,,,,,,,,,,,,,,,128Cm,7|1|0,,,,,,,,,,,,,,,,,,,,,,,,,,,,,,,,,,,,,,,,,70Cm,8|1|0,,,,,,,,,,,,,
Arte Wallpaper Moxie,arte-wallpaper-moxie,,999517418,"Moxie. A design inspired by classic, wrought-iron collapsible lift doors. You can still see them occasionally in hotels in the heart of Paris. A non-woven wallpaper with a realistic textile effect.","<h1>Care Code</h1><p><img align=""baseline"" alt=""imageedit 5 2242489781"" height=""133"" src=""https://inspiry.co.nz/wp-content/uploads/2020/09/imageedit_5_2242489781.png"" title=""imageedit 5 2242489781"" width=""127"" /></p><h1>Care CodeGuide</h1><p><span style=""font-size: 1em;"">Careful and regular maintenance is the key to prolonging the life and retaining the appearance of soft furnishings. The following notes are offered as a brief guide on the care and cleaning of wallpaper.<br /><br />Please click </span><strong style=""font-size: 1em;""><a href=""https://inspiry.co.nz/wp-content/uploads/2020/09/Inspiry-Wallpaper-Care-Guide.pdf""><span style=""color:#ff0033;"">here</span><span style=""color:#696969;""> </span></a></strong><span style=""font-size: 1em;"">to download.</span>",publish,,0,10/03/22 14:59,1049,open,UF-34620-P,,,no,no,,467,,1.3,60,8.5,60,,instock,no,no,,no,taxable,,,no,,,,,,,,https://inspiry.co.nz/wp-content/uploads/2022/03/UF-34620-6.jpg ! alt : Arte Wallpaper Moxie  ! title : Arte Wallpaper Moxie  1 ! desc :  ! caption :  | https://inspiry.co.nz/wp-content/uploads/2022/03/UF-34620-1-3.jpg ! alt : Arte Wallpaper Moxie  ! title : Arte Wallpaper Moxie  2 ! desc :  ! caption :  | https://inspiry.co.nz/wp-content/uploads/2022/03/UF-34620-2-3.jpg ! alt : Arte Wallpaper Moxie  ! title : Arte Wallpaper Moxie  3 ! desc :  ! caption :  | https://inspiry.co.nz/wp-content/uploads/2022/03/UF-34620-3-3.jpg ! alt : Arte Wallpaper Moxie  ! title : Arte Wallpaper Moxie  4 ! desc :  ! caption : ,,https://inspiry.co.nz/products/arte-wallpaper-moxie/,,,,,,,,,,,,variable,exclude_from_catalog|exclude_from_search,Wallpaper,,Free Shipping,,,,,,yes,,2022-03-10T04:26:07+00:00,,0,,,,,,,,,,,,,,,,,,,,,,,,,,,,,,,,,,,,,,,,,,,,,,,,,,,,,,,,,,,,,,,,,,,,,,,,,,,,,,,,,,,,,,,,,,,,,,Due in 5-7 Days.Order Now!,12|1|0,,,,,,,,,,,,,,,,,,,,,,,,,,,,,,,,,,,,,,Arte Wallpaper,0|1|0,,,,,,,,,,,,,,,,,,,,,,,,,,,,,,,,,,,,,,,,,Insolence,1|1|0,,,,,34620|34621|34622|34623,2|1|1,,,,,,,,,,,,,,Non Woven Paste the Wall,5|1|0,,,,,,,,,,,,,,,,,,,,,,,,,,,,,,,,,,,,,,,,,Due in 5-7 Days.Order Now!,13|1|0,,,,,,,,,,,Modern Contemporary,3|1|0,,,,,,,,,,,,,,,,,,,,,,,,,,,,,,,,,,,,,,,,,,,,,,,,,,,,,,,,,,,,,,,,,,,,,,,,,,,,,,,,,,,,,,,,,,,,,,,,,,,,,,,,,,,,,,,,,,,,,,,,,,,,,,,,,,,,,,,,,,,,,,,,,,,,,,,,,,,,,,,,,,,,,,,,,,,,,,,,,,,,,,,,,,,,,,,,,,,,,,,,,,,Straight Match,6|1|0,,,,,,,,,,,,,,,,,,,,,,,,,,,,,,,,,,,,,,,,,Belgium,11|1|0,,,,,,,,,,,Motif,4|1|0,,,,,,,,,,,,,,,,,,,,,,,,,,,,,,,,,,,,,,,,,,,,,,,,,,,,,,,,,,,,,,,,,8.50M,9|1|0,,,,,,,,,,,,,,,,,,,,,,,,,,,,,,,,,,,,,,,,,,,,,,,,,,,,,,,,,,,,,,Roll,10|1|0,,,,,,,,,,,,,,,,,,,,,,,,,,,,,,,,,,,,,,,,,,,,,,,,,,,,,,,,,,,,,,,,,,,,,,,,,,,,,,,,64Cm,7|1|0,,,,,,,,,,,,,,,,,,,,,,,,,,,,,,,,,,,,,,,,,70Cm,8|1|0,,,,,,,,,,,,,
Arte Wallpaper Grow,arte-wallpaper-grow,,999517423,"Grow. Fil-√¢ÀÜ≈°√¢‚Ç¨¬†-fil wallcovering with a soft velvet touch. The design is based on an authentic drawing from the beginning of the 20th century, but in a very modern version. The colours are striking and contemporary, the pattern itself is faded, giving it a bleed effect. Wallpaper with a soft velvet touch.","<h1>Care Code</h1><p><img align=""baseline"" alt=""imageedit 1 8057904090"" height=""135"" src=""https://inspiry.co.nz/wp-content/uploads/2020/09/https://inspiry.co.nz/wp-content/uploads/2020/09/imageedit_1_8057904090.png"" title=""imageedit 1 8057904090"" width=""133"" /></p><h1>Care CodeGuide</h1><p><span style=""font-size: 1em;"">Careful and regular maintenance is the key to prolonging the life and retaining the appearance of soft furnishings. The following notes are offered as a brief guide on the care and cleaning of wallpaper.<br /><br />Please click </span><strong style=""font-size: 1em;""><a href=""https://inspiry.co.nz/wp-content/uploads/2020/09/Inspiry-Wallpaper-Care-Guide.pdf""><span style=""color:#ff0033;"">here</span><span style=""color:#696969;""> </span></a></strong><span style=""font-size: 1em;"">to download.</span>",publish,,0,10/03/22 14:59,1049,open,UF-34640-P,,,no,no,,446,,1.3,60,8.5,60,,instock,no,no,,no,taxable,,,no,,,,,,,,https://inspiry.co.nz/wp-content/uploads/2022/03/UF-34640-6.jpg ! alt : Arte Wallpaper Grow  ! title : Arte Wallpaper Grow  1 ! desc :  ! caption :  | https://inspiry.co.nz/wp-content/uploads/2022/03/UF-34640-1-3.jpg ! alt : Arte Wallpaper Grow  ! title : Arte Wallpaper Grow  2 ! desc :  ! caption :  | https://inspiry.co.nz/wp-content/uploads/2022/03/UF-34640-2-3.jpg ! alt : Arte Wallpaper Grow  ! title : Arte Wallpaper Grow  3 ! desc :  ! caption :  | https://inspiry.co.nz/wp-content/uploads/2022/03/UF-34640-3-3.jpg ! alt : Arte Wallpaper Grow  ! title : Arte Wallpaper Grow  4 ! desc :  ! caption : ,,https://inspiry.co.nz/products/arte-wallpaper-grow/,,,,,,,,,,,,variable,exclude_from_catalog|exclude_from_search,Wallpaper,,Free Shipping,,,,,,yes,,2022-03-10T04:26:08+00:00,,0,,,,,,,,,,,,,,,,,,,,,,,,,,,,,,,,,,,,,,,,,,,,,,,,,,,,,,,,,,,,,,,,,,,,,,,,,,,,,,,,,,,,,,,,,,,,,,Due in 5-7 Days.Order Now!,12|1|0,,,,,,,,,,,,,,,,,,,,,,,,,,,,,,,,,,,,,,Arte Wallpaper,0|1|0,,,,,,,,,,,,,,,,,,,,,,,,,,,,,,,,,,,,,,,,,Insolence,1|1|0,,,,,34640|34641|34642,2|1|1,,,,,,,,,,,,,,Non Woven Paste the Wall,5|1|0,,,,,,,,,,,,,,,,,,,,,,,,,,,,,,,,,,,,,,,,,Due in 5-7 Days.Order Now!,13|1|0,,,,,,,,,,,Modern Contemporary,3|1|0,,,,,,,,,,,,,,,,,,,,,,,,,,,,,,,,,,,,,,,,,,,,,,,,,,,,,,,,,,,,,,,,,,,,,,,,,,,,,,,,,,,,,,,,,,,,,,,,,,,,,,,,,,,,,,,,,,,,,,,,,,,,,,,,,,,,,,,,,,,,,,,,,,,,,,,,,,,,,,,,,,,,,,,,,,,,,,,,,,,,,,,,,,,,,,,,,,,,,,,,,,,Straight Match,6|1|0,,,,,,,,,,,,,,,,,,,,,,,,,,,,,,,,,,,,,,,,,Belgium,11|1|0,,,,,,,,,,,Floral,4|1|0,,,,,,,,,,,,,,,,,,,,,,,,,,,,,,,,,,,,,,,,,,,,,,,,,,,,,,,,,,,,,,,,,8.50M,9|1|0,,,,,,,,,,,,,,,,,,,,,,,,,,,,,,,,,,,,,,,,,,,,,,,,,,,,,,,,,,,,,,Roll,10|1|0,,,,,,,,,,,,,,,,,,,,,,,,,,,,,,,,,,,,,,,,,,,,,,,,,,,,,,,,,,,,,,,,,,,,,,,,,,,,,,,,128Cm,7|1|0,,,,,,,,,,,,,,,,,,,,,,,,,,,,,,,,,,,,,,,,,100Cm,8|1|0,,,,,,,,,,,,,
Arte Wallpaper Swing,arte-wallpaper-swing,,999517428,"Shiver. Inspired by the flamboyant Charleston dresses! Fringes are popping up again: in fashion, jewellery, handbags and in modern interiors. Make your choice of non-woven with a realistic textile effect (pattern Shiver) or authentic fil-√¢ÀÜ≈°√¢‚Ç¨¬†-fil with soft velvet touch (pattern Swing).","<h1>Care Code</h1><p><img align=""baseline"" alt=""imageedit 1 8057904090"" height=""135"" src=""https://inspiry.co.nz/wp-content/uploads/2020/09/https://inspiry.co.nz/wp-content/uploads/2020/09/imageedit_1_8057904090.png"" title=""imageedit 1 8057904090"" width=""133"" /></p><h1>Care CodeGuide</h1><p><span style=""font-size: 1em;"">Careful and regular maintenance is the key to prolonging the life and retaining the appearance of soft furnishings. The following notes are offered as a brief guide on the care and cleaning of wallpaper.<br /><br />Please click </span><strong style=""font-size: 1em;""><a href=""https://inspiry.co.nz/wp-content/uploads/2020/09/Inspiry-Wallpaper-Care-Guide.pdf""><span style=""color:#ff0033;"">here</span><span style=""color:#696969;""> </span></a></strong><span style=""font-size: 1em;"">to download.</span>",publish,,0,10/03/22 15:00,1049,open,UF-34660-P,,,no,no,,446,,1.3,60,8.5,60,,instock,no,no,,no,taxable,,,no,,,,,,,,https://inspiry.co.nz/wp-content/uploads/2022/03/UF-34660-6.jpg ! alt : Arte Wallpaper Swing  ! title : Arte Wallpaper Swing  1 ! desc :  ! caption :  | https://inspiry.co.nz/wp-content/uploads/2022/03/UF-34660-1-3.jpg ! alt : Arte Wallpaper Swing  ! title : Arte Wallpaper Swing  2 ! desc :  ! caption :  | https://inspiry.co.nz/wp-content/uploads/2022/03/UF-34660-2-3.jpg ! alt : Arte Wallpaper Swing  ! title : Arte Wallpaper Swing  3 ! desc :  ! caption :  | https://inspiry.co.nz/wp-content/uploads/2022/03/UF-34660-3-3.jpg ! alt : Arte Wallpaper Swing  ! title : Arte Wallpaper Swing  4 ! desc :  ! caption : ,,https://inspiry.co.nz/products/arte-wallpaper-swing/,,,,,,,,,,,,variable,exclude_from_catalog|exclude_from_search,Wallpaper,,Free Shipping,,,,,,yes,,2022-03-10T04:26:08+00:00,,0,,,,,,,,,,,,,,,,,,,,,,,,,,,,,,,,,,,,,,,,,,,,,,,,,,,,,,,,,,,,,,,,,,,,,,,,,,,,,,,,,,,,,,,,,,,,,,Due in 5-7 Days.Order Now!,12|1|0,,,,,,,,,,,,,,,,,,,,,,,,,,,,,,,,,,,,,,Arte Wallpaper,0|1|0,,,,,,,,,,,,,,,,,,,,,,,,,,,,,,,,,,,,,,,,,Insolence,1|1|0,,,,,34660|34661|34662,2|1|1,,,,,,,,,,,,,,Non Woven Paste the Wall,5|1|0,,,,,,,,,,,,,,,,,,,,,,,,,,,,,,,,,,,,,,,,,Due in 5-7 Days.Order Now!,13|1|0,,,,,,,,,,,Modern Contemporary,3|1|0,,,,,,,,,,,,,,,,,,,,,,,,,,,,,,,,,,,,,,,,,,,,,,,,,,,,,,,,,,,,,,,,,,,,,,,,,,,,,,,,,,,,,,,,,,,,,,,,,,,,,,,,,,,,,,,,,,,,,,,,,,,,,,,,,,,,,,,,,,,,,,,,,,,,,,,,,,,,,,,,,,,,,,,,,,,,,,,,,,,,,,,,,,,,,,,,,,,,,,,,,,,"Free Match, Respecting The Fringe Height Of13.07Cm",6|1|0,,,,,,,,,,,,,,,,,,,,,,,,,,,,,,,,,,,,,,,,,Belgium,11|1|0,,,,,,,,,,,Floral,4|1|0,,,,,,,,,,,,,,,,,,,,,,,,,,,,,,,,,,,,,,,,,,,,,,,,,,,,,,,,,,,,,,,,,8.50M,9|1|0,,,,,,,,,,,,,,,,,,,,,,,,,,,,,,,,,,,,,,,,,,,,,,,,,,,,,,,,,,,,,,Roll,10|1|0,,,,,,,,,,,,,,,,,,,,,,,,,,,,,,,,,,,,,,,,,,,,,,,,,,,,,,,,,,,,,,,,,,,,,,,,,,,,,,,,0Cm,7|1|0,,,,,,,,,,,,,,,,,,,,,,,,,,,,,,,,,,,,,,,,,100Cm,8|1|0,,,,,,,,,,,,,
Arte Wallpaper Stellar,arte-wallpaper-stellar,,999517433,"Metal on the wall. This beautiful wallpaper is made of real metal foil with an oxidised effect. During production, the metal foil goes through an intensive process that was developed especially for this collection.","<h1>Care Code</h1><p><img align=""baseline"" alt=""imageedit 5 2242489781"" height=""133"" src=""https://inspiry.co.nz/wp-content/uploads/2020/09/imageedit_5_2242489781.png"" title=""imageedit 5 2242489781"" width=""127"" /></p><h1>Care CodeGuide</h1><p><span style=""font-size: 1em;"">Careful and regular maintenance is the key to prolonging the life and retaining the appearance of soft furnishings. The following notes are offered as a brief guide on the care and cleaning of wallpaper.<br /><br />Please click </span><strong style=""font-size: 1em;""><a href=""https://inspiry.co.nz/wp-content/uploads/2020/09/Inspiry-Wallpaper-Care-Guide.pdf""><span style=""color:#ff0033;"">here</span><span style=""color:#696969;""> </span></a></strong><span style=""font-size: 1em;"">to download.</span>",publish,,0,10/03/22 15:00,1049,open,UF-37500-P,,,no,no,,304,,1.3,60,8.5,60,,instock,no,no,,no,taxable,,,no,,,,,,,,https://inspiry.co.nz/wp-content/uploads/2022/03/UF-37500-9.jpg ! alt : Arte Wallpaper Stellar  ! title : Arte Wallpaper Stellar  1 ! desc :  ! caption :  | https://inspiry.co.nz/wp-content/uploads/2022/03/UF-37500-1-3.jpg ! alt : Arte Wallpaper Stellar  ! title : Arte Wallpaper Stellar  2 ! desc :  ! caption :  | https://inspiry.co.nz/wp-content/uploads/2022/03/UF-37500-2-3.jpg ! alt : Arte Wallpaper Stellar  ! title : Arte Wallpaper Stellar  3 ! desc :  ! caption :  | https://inspiry.co.nz/wp-content/uploads/2022/03/UF-37500-3-3.jpg ! alt : Arte Wallpaper Stellar  ! title : Arte Wallpaper Stellar  4 ! desc :  ! caption :  | https://inspiry.co.nz/wp-content/uploads/2022/03/UF-37500-4-3.jpg ! alt : Arte Wallpaper Stellar  ! title : Arte Wallpaper Stellar  5 ! desc :  ! caption :  | https://inspiry.co.nz/wp-content/uploads/2022/03/UF-37500-5-3.jpg ! alt : Arte Wallpaper Stellar  ! title : Arte Wallpaper Stellar  6 ! desc :  ! caption :  | https://inspiry.co.nz/wp-content/uploads/2022/03/UF-37500-6-3.jpg ! alt : Arte Wallpaper Stellar  ! title : Arte Wallpaper Stellar  7 ! desc :  ! caption : ,,https://inspiry.co.nz/products/arte-wallpaper-stellar/,,,,,,,,,,,,variable,exclude_from_catalog|exclude_from_search,Wallpaper,,Free Shipping,,,,,,yes,,2022-03-10T04:26:08+00:00,,0,,,,,,,,,,,,,,,,,,,,,,,,,,,,,,,,,,,,,,,,,,,,,,,,,,,,,,,,,,,,,,,,,,,,,,,,,,,,,,,,,,,,,,,,,,,,,,Due in 5-7 Days.Order Now!,11|1|0,,,,,,,,,,,,,,,,,,,,,,,,,,,,,,,,,,,,,,Arte Wallpaper,0|1|0,,,,,,,,,,,,,,,,,,,,,,,,,,,,,,,,,,,,,,,,,Metal X,1|1|0,,,,,37500|37501|37502|37503|37504|37505|37506|37507|37508|37509|37510|37511|37512|37513|37514|37515|37516|37517|37518|37519|37520|37521|37522,2|1|1,,,,,,,,,,,,,,Non Woven Paste the Wall,5|1|0,,,,,,,,,,,,,,,,,,,,,,,,,,,,,,,,,,,,,,,,,Due in 5-7 Days.Order Now!,12|1|0,,,,,,,,,,,Modern Contemporary,3|1|0,,,,,,,,,,,,,,,,,,,,,,,,,,,,,,,,,,,,,,,,,,,,,,,,,,,,,,,,,,,,,,,,,,,,,,,,,,,,,,,,,,,,,,,,,,,,,,,,,,,,,,,,,,,,,,,,,,,,,,,,,,,,,,,,,,,,,,,,,,,,,,,,,,,,,,,,,,,,,,,,,,,,,,,,,,,,,,,,,,,,,,,,,,,,,,,,,,,,,,,,,,,Free Match,6|1|0,,,,,,,,,,,,,,,,,,,,,,,,,,,,,,,,,,,,,,,,,Belgium,10|1|0,,,,,,,,,,,Motif,4|1|0,,,,,,,,,,,,,,,,,,,,,,,,,,,,,,,,,,,,,,,,,,,,,,,,,,,,,,,,,,,,,,,,,,,,,,,,,,,,,,,,,,,,,,,,,,,,,,,,,,,,,,,,,,,,,,,,,,,,,,,,,,,,,,,,Metre,9|1|0,,,,,,,,,,,,,,,,,,,,,,,,,,,,,,,,,,,,,,,,,,,,,,,,,,,,,,,,,,,,,,,,,,,,,,,,,,,,,,,,0Cm,7|1|0,,,,,,,,,,,,,,,,,,,,,,,,,,,,,,,,,,,,,,,,,91.44Cm,8|1|0,,,,,,,,,,,,,
Arte Wallpaper Forum,arte-wallpaper-forum,,999517441,"A soothing design made of real metal foil with an oxidised effect. The gleaming hints of silver and gold provide a perfect finishing touch. Thanks to the matching colours in the foreground and background, the ensemble effect does not overwhelm you.","<h1>Care Code</h1><p><img align=""baseline"" alt=""imageedit 5 2242489781"" height=""133"" src=""https://inspiry.co.nz/wp-content/uploads/2020/09/imageedit_5_2242489781.png"" title=""imageedit 5 2242489781"" width=""127"" /></p><h1>Care CodeGuide</h1><p><span style=""font-size: 1em;"">Careful and regular maintenance is the key to prolonging the life and retaining the appearance of soft furnishings. The following notes are offered as a brief guide on the care and cleaning of wallpaper.<br /><br />Please click </span><strong style=""font-size: 1em;""><a href=""https://inspiry.co.nz/wp-content/uploads/2020/09/Inspiry-Wallpaper-Care-Guide.pdf""><span style=""color:#ff0033;"">here</span><span style=""color:#696969;""> </span></a></strong><span style=""font-size: 1em;"">to download.</span>",publish,,0,10/03/22 15:00,1049,open,UF-37600-P,,,no,no,,313,,1.3,60,8.5,60,,instock,no,no,,no,taxable,,,no,,,,,,,,https://inspiry.co.nz/wp-content/uploads/2022/03/UF-37600-6.jpg ! alt : Arte Wallpaper Forum  ! title : Arte Wallpaper Forum  1 ! desc :  ! caption :  | https://inspiry.co.nz/wp-content/uploads/2022/03/UF-37600-1-3.jpg ! alt : Arte Wallpaper Forum  ! title : Arte Wallpaper Forum  2 ! desc :  ! caption :  | https://inspiry.co.nz/wp-content/uploads/2022/03/UF-37600-2-3.jpg ! alt : Arte Wallpaper Forum  ! title : Arte Wallpaper Forum  3 ! desc :  ! caption :  | https://inspiry.co.nz/wp-content/uploads/2022/03/UF-37600-3-3.jpg ! alt : Arte Wallpaper Forum  ! title : Arte Wallpaper Forum  4 ! desc :  ! caption : ,,https://inspiry.co.nz/products/arte-wallpaper-forum/,,,,,,,,,,,,variable,exclude_from_catalog|exclude_from_search,Wallpaper,,Free Shipping,,,,,,yes,,2022-03-10T04:26:09+00:00,,0,,,,,,,,,,,,,,,,,,,,,,,,,,,,,,,,,,,,,,,,,,,,,,,,,,,,,,,,,,,,,,,,,,,,,,,,,,,,,,,,,,,,,,,,,,,,,,Due in 5-7 Days.Order Now!,11|1|0,,,,,,,,,,,,,,,,,,,,,,,,,,,,,,,,,,,,,,Arte Wallpaper,0|1|0,,,,,,,,,,,,,,,,,,,,,,,,,,,,,,,,,,,,,,,,,Metal X Signum,1|1|0,,,,,37600|37601|37602|37603|37604,2|1|1,,,,,,,,,,,,,,Non Woven Paste the Wall,5|1|0,,,,,,,,,,,,,,,,,,,,,,,,,,,,,,,,,,,,,,,,,Due in 5-7 Days.Order Now!,12|1|0,,,,,,,,,,,Modern Contemporary,3|1|0,,,,,,,,,,,,,,,,,,,,,,,,,,,,,,,,,,,,,,,,,,,,,,,,,,,,,,,,,,,,,,,,,,,,,,,,,,,,,,,,,,,,,,,,,,,,,,,,,,,,,,,,,,,,,,,,,,,,,,,,,,,,,,,,,,,,,,,,,,,,,,,,,,,,,,,,,,,,,,,,,,,,,,,,,,,,,,,,,,,,,,,,,,,,,,,,,,,,,,,,,,,Straight Match,6|1|0,,,,,,,,,,,,,,,,,,,,,,,,,,,,,,,,,,,,,,,,,Belgium,10|1|0,,,,,,,,,,,Motif,4|1|0,,,,,,,,,,,,,,,,,,,,,,,,,,,,,,,,,,,,,,,,,,,,,,,,,,,,,,,,,,,,,,,,,,,,,,,,,,,,,,,,,,,,,,,,,,,,,,,,,,,,,,,,,,,,,,,,,,,,,,,,,,,,,,,,Metre,9|1|0,,,,,,,,,,,,,,,,,,,,,,,,,,,,,,,,,,,,,,,,,,,,,,,,,,,,,,,,,,,,,,,,,,,,,,,,,,,,,,,,45Cm,7|1|0,,,,,,,,,,,,,,,,,,,,,,,,,,,,,,,,,,,,,,,,,90Cm,8|1|0,,,,,,,,,,,,,
Arte Wallpaper Domus,arte-wallpaper-domus,,999517446,"Geometric beauty. The recurrent patterns of Domus have been printed with a satin coating. This finish imbues the finished paper with a superb sheen and creates the subtle illusion of relief. This wallpaper is made of real metal foil. During production, the metal foil goes through an intensive process that was developed especially for this collection. It is coloured in such a way that the wallpaper takes on the nuances of an authentic metal look. Finally, the patterns are embossed and finished with a thin layer of satin paint or glass beads. It is normal that the glass beads that do not touch the adhesive layer, come loose. This has no impact on the final result. The glass beads in the adhesive layer adhere firmly and form the pattern.","<h1>Care Code</h1><p><img align=""baseline"" alt=""imageedit 5 2242489781"" height=""133"" src=""https://inspiry.co.nz/wp-content/uploads/2020/09/imageedit_5_2242489781.png"" title=""imageedit 5 2242489781"" width=""127"" /></p><h1>Care CodeGuide</h1><p><span style=""font-size: 1em;"">Careful and regular maintenance is the key to prolonging the life and retaining the appearance of soft furnishings. The following notes are offered as a brief guide on the care and cleaning of wallpaper.<br /><br />Please click </span><strong style=""font-size: 1em;""><a href=""https://inspiry.co.nz/wp-content/uploads/2020/09/Inspiry-Wallpaper-Care-Guide.pdf""><span style=""color:#ff0033;"">here</span><span style=""color:#696969;""> </span></a></strong><span style=""font-size: 1em;"">to download.</span>",publish,,0,10/03/22 15:00,1049,open,UF-37610-P,,,no,no,,327,,1.3,60,8.5,60,,instock,no,no,,no,taxable,,,no,,,,,,,,https://inspiry.co.nz/wp-content/uploads/2022/03/UF-37610-7.jpg ! alt : Arte Wallpaper Domus  ! title : Arte Wallpaper Domus  1 ! desc :  ! caption :  | https://inspiry.co.nz/wp-content/uploads/2022/03/UF-37610-1-4.jpg ! alt : Arte Wallpaper Domus  ! title : Arte Wallpaper Domus  2 ! desc :  ! caption :  | https://inspiry.co.nz/wp-content/uploads/2022/03/UF-37610-2-4.jpg ! alt : Arte Wallpaper Domus  ! title : Arte Wallpaper Domus  3 ! desc :  ! caption :  | https://inspiry.co.nz/wp-content/uploads/2022/03/UF-37610-3-4.jpg ! alt : Arte Wallpaper Domus  ! title : Arte Wallpaper Domus  4 ! desc :  ! caption : ,,https://inspiry.co.nz/products/arte-wallpaper-domus/,,,,,,,,,,,,variable,exclude_from_catalog|exclude_from_search,Wallpaper,,Free Shipping,,,,,,yes,,2022-03-10T04:26:09+00:00,,0,,,,,,,,,,,,,,,,,,,,,,,,,,,,,,,,,,,,,,,,,,,,,,,,,,,,,,,,,,,,,,,,,,,,,,,,,,,,,,,,,,,,,,,,,,,,,,Due in 5-7 Days.Order Now!,11|1|0,,,,,,,,,,,,,,,,,,,,,,,,,,,,,,,,,,,,,,Arte Wallpaper,0|1|0,,,,,,,,,,,,,,,,,,,,,,,,,,,,,,,,,,,,,,,,,Metal X Signum,1|1|0,,,,,37610|37611|37612|37613|37614|37615,2|1|1,,,,,,,,,,,,,,"Back - Non-Woven, Paste The Wall Front -100% Glass",5|1|0,,,,,,,,,,,,,,,,,,,,,,,,,,,,,,,,,,,,,,,,,Due in 5-7 Days.Order Now!,12|1|0,,,,,,,,,,,Modern Contemporary,3|1|0,,,,,,,,,,,,,,,,,,,,,,,,,,,,,,,,,,,,,,,,,,,,,,,,,,,,,,,,,,,,,,,,,,,,,,,,,,,,,,,,,,,,,,,,,,,,,,,,,,,,,,,,,,,,,,,,,,,,,,,,,,,,,,,,,,,,,,,,,,,,,,,,,,,,,,,,,,,,,,,,,,,,,,,,,,,,,,,,,,,,,,,,,,,,,,,,,,,,,,,,,,,Straight Match,6|1|0,,,,,,,,,,,,,,,,,,,,,,,,,,,,,,,,,,,,,,,,,Belgium,10|1|0,,,,,,,,,,,Motif,4|1|0,,,,,,,,,,,,,,,,,,,,,,,,,,,,,,,,,,,,,,,,,,,,,,,,,,,,,,,,,,,,,,,,,,,,,,,,,,,,,,,,,,,,,,,,,,,,,,,,,,,,,,,,,,,,,,,,,,,,,,,,,,,,,,,,Metre,9|1|0,,,,,,,,,,,,,,,,,,,,,,,,,,,,,,,,,,,,,,,,,,,,,,,,,,,,,,,,,,,,,,,,,,,,,,,,,,,,,,,,12.8Cm,7|1|0,,,,,,,,,,,,,,,,,,,,,,,,,,,,,,,,,,,,,,,,,90Cm,8|1|0,,,,,,,,,,,,,
Arte Wallpaper Natura,arte-wallpaper-natura,,999517451,"Nature meets industry. This wallpaper plays upon the contrast between living forms and the industrial inspired background. Natura√Ç¬¨√¢‚Ç¨¬†whisks you away to an oriental bamboo forest. This wallpaper is made of real metal foil. During production, the metal foil goes through an intensive process that was developed especially for this collection. It is coloured in such a way that the wallcovering takes on the nuances of an authentic metal look.","<h1>Care Code</h1><p><img align=""baseline"" alt=""imageedit 5 2242489781"" height=""133"" src=""https://inspiry.co.nz/wp-content/uploads/2020/09/imageedit_5_2242489781.png"" title=""imageedit 5 2242489781"" width=""127"" /></p><h1>Care CodeGuide</h1><p><span style=""font-size: 1em;"">Careful and regular maintenance is the key to prolonging the life and retaining the appearance of soft furnishings. The following notes are offered as a brief guide on the care and cleaning of wallpaper.<br /><br />Please click </span><strong style=""font-size: 1em;""><a href=""https://inspiry.co.nz/wp-content/uploads/2020/09/Inspiry-Wallpaper-Care-Guide.pdf""><span style=""color:#ff0033;"">here</span><span style=""color:#696969;""> </span></a></strong><span style=""font-size: 1em;"">to download.</span>",publish,,0,10/03/22 15:00,1049,open,UF-37620-P,,,no,no,,313,,1.3,60,8.5,60,,instock,no,no,,no,taxable,,,no,,,,,,,,https://inspiry.co.nz/wp-content/uploads/2022/03/UF-37620-7.jpg ! alt : Arte Wallpaper Natura  ! title : Arte Wallpaper Natura  1 ! desc :  ! caption :  | https://inspiry.co.nz/wp-content/uploads/2022/03/UF-37620-1-4.jpg ! alt : Arte Wallpaper Natura  ! title : Arte Wallpaper Natura  2 ! desc :  ! caption :  | https://inspiry.co.nz/wp-content/uploads/2022/03/UF-37620-2-4.jpg ! alt : Arte Wallpaper Natura  ! title : Arte Wallpaper Natura  3 ! desc :  ! caption :  | https://inspiry.co.nz/wp-content/uploads/2022/03/UF-37620-3-4.jpg ! alt : Arte Wallpaper Natura  ! title : Arte Wallpaper Natura  4 ! desc :  ! caption : ,,https://inspiry.co.nz/products/arte-wallpaper-natura/,,,,,,,,,,,,variable,exclude_from_catalog|exclude_from_search,Wallpaper,,Free Shipping,,,,,,yes,,2022-03-10T04:26:10+00:00,,0,,,,,,,,,,,,,,,,,,,,,,,,,,,,,,,,,,,,,,,,,,,,,,,,,,,,,,,,,,,,,,,,,,,,,,,,,,,,,,,,,,,,,,,,,,,,,,Due in 5-7 Days.Order Now!,11|1|0,,,,,,,,,,,,,,,,,,,,,,,,,,,,,,,,,,,,,,Arte Wallpaper,0|1|0,,,,,,,,,,,,,,,,,,,,,,,,,,,,,,,,,,,,,,,,,Metal X Signum,1|1|0,,,,,37620|37621|37622|37623,2|1|1,,,,,,,,,,,,,,Non Woven Paste the Wall,5|1|0,,,,,,,,,,,,,,,,,,,,,,,,,,,,,,,,,,,,,,,,,Due in 5-7 Days.Order Now!,12|1|0,,,,,,,,,,,Modern Contemporary,3|1|0,,,,,,,,,,,,,,,,,,,,,,,,,,,,,,,,,,,,,,,,,,,,,,,,,,,,,,,,,,,,,,,,,,,,,,,,,,,,,,,,,,,,,,,,,,,,,,,,,,,,,,,,,,,,,,,,,,,,,,,,,,,,,,,,,,,,,,,,,,,,,,,,,,,,,,,,,,,,,,,,,,,,,,,,,,,,,,,,,,,,,,,,,,,,,,,,,,,,,,,,,,,Straight Match,6|1|0,,,,,,,,,,,,,,,,,,,,,,,,,,,,,,,,,,,,,,,,,Belgium,10|1|0,,,,,,,,,,,Animals &amp; Nature,4|1|0,,,,,,,,,,,,,,,,,,,,,,,,,,,,,,,,,,,,,,,,,,,,,,,,,,,,,,,,,,,,,,,,,,,,,,,,,,,,,,,,,,,,,,,,,,,,,,,,,,,,,,,,,,,,,,,,,,,,,,,,,,,,,,,,Metre,9|1|0,,,,,,,,,,,,,,,,,,,,,,,,,,,,,,,,,,,,,,,,,,,,,,,,,,,,,,,,,,,,,,,,,,,,,,,,,,,,,,,,90Cm,7|1|0,,,,,,,,,,,,,,,,,,,,,,,,,,,,,,,,,,,,,,,,,90Cm,8|1|0,,,,,,,,,,,,,
Arte Wallpaper Arcum,arte-wallpaper-arcum,,999517456,"Geometric beauty. The recurrent pattern of Arcum has been printed with a satin coating. This finish imbues the finished paper with a superb sheen and creates the subtle illusion of relief. This wallpaper is made of real metal foil. During production, the metal foil goes through an intensive process that was developed especially for this collection. It is coloured in such a way that results in an authentic metal look.","<h1>Care Code</h1><p><img align=""baseline"" alt=""imageedit 5 2242489781"" height=""133"" src=""https://inspiry.co.nz/wp-content/uploads/2020/09/imageedit_5_2242489781.png"" title=""imageedit 5 2242489781"" width=""127"" /></p><h1>Care CodeGuide</h1><p><span style=""font-size: 1em;"">Careful and regular maintenance is the key to prolonging the life and retaining the appearance of soft furnishings. The following notes are offered as a brief guide on the care and cleaning of wallpaper.<br /><br />Please click </span><strong style=""font-size: 1em;""><a href=""https://inspiry.co.nz/wp-content/uploads/2020/09/Inspiry-Wallpaper-Care-Guide.pdf""><span style=""color:#ff0033;"">here</span><span style=""color:#696969;""> </span></a></strong><span style=""font-size: 1em;"">to download.</span>",publish,,0,10/03/22 15:00,1049,open,UF-37630-P,,,no,no,,327,,1.3,60,8.5,60,,instock,no,no,,no,taxable,,,no,,,,,,,,https://inspiry.co.nz/wp-content/uploads/2022/03/UF-37631-7.jpg ! alt : Arte Wallpaper Arcum  ! title : Arte Wallpaper Arcum  1 ! desc :  ! caption :  | https://inspiry.co.nz/wp-content/uploads/2022/03/UF-37631-1-4.jpg ! alt : Arte Wallpaper Arcum  ! title : Arte Wallpaper Arcum  2 ! desc :  ! caption :  | https://inspiry.co.nz/wp-content/uploads/2022/03/UF-37631-2-4.jpg ! alt : Arte Wallpaper Arcum  ! title : Arte Wallpaper Arcum  3 ! desc :  ! caption :  | https://inspiry.co.nz/wp-content/uploads/2022/03/UF-37631-3-4.jpg ! alt : Arte Wallpaper Arcum  ! title : Arte Wallpaper Arcum  4 ! desc :  ! caption : ,,https://inspiry.co.nz/products/arte-wallpaper-arcum/,,,,,,,,,,,,variable,exclude_from_catalog|exclude_from_search,Wallpaper,,Free Shipping,,,,,,yes,,2022-03-10T04:26:10+00:00,,0,,,,,,,,,,,,,,,,,,,,,,,,,,,,,,,,,,,,,,,,,,,,,,,,,,,,,,,,,,,,,,,,,,,,,,,,,,,,,,,,,,,,,,,,,,,,,,Due in 5-7 Days.Order Now!,11|1|0,,,,,,,,,,,,,,,,,,,,,,,,,,,,,,,,,,,,,,Arte Wallpaper,0|1|0,,,,,,,,,,,,,,,,,,,,,,,,,,,,,,,,,,,,,,,,,Metal X Signum,1|1|0,,,,,37630|37631|37632|37633,2|1|1,,,,,,,,,,,,,,Non Woven Paste the Wall,5|1|0,,,,,,,,,,,,,,,,,,,,,,,,,,,,,,,,,,,,,,,,,Due in 5-7 Days.Order Now!,12|1|0,,,,,,,,,,,Modern Contemporary,3|1|0,,,,,,,,,,,,,,,,,,,,,,,,,,,,,,,,,,,,,,,,,,,,,,,,,,,,,,,,,,,,,,,,,,,,,,,,,,,,,,,,,,,,,,,,,,,,,,,,,,,,,,,,,,,,,,,,,,,,,,,,,,,,,,,,,,,,,,,,,,,,,,,,,,,,,,,,,,,,,,,,,,,,,,,,,,,,,,,,,,,,,,,,,,,,,,,,,,,,,,,,,,,Straight Match,6|1|0,,,,,,,,,,,,,,,,,,,,,,,,,,,,,,,,,,,,,,,,,Belgium,10|1|0,,,,,,,,,,,Motif,4|1|0,,,,,,,,,,,,,,,,,,,,,,,,,,,,,,,,,,,,,,,,,,,,,,,,,,,,,,,,,,,,,,,,,,,,,,,,,,,,,,,,,,,,,,,,,,,,,,,,,,,,,,,,,,,,,,,,,,,,,,,,,,,,,,,,Metre,9|1|0,,,,,,,,,,,,,,,,,,,,,,,,,,,,,,,,,,,,,,,,,,,,,,,,,,,,,,,,,,,,,,,,,,,,,,,,,,,,,,,,32Cm,7|1|0,,,,,,,,,,,,,,,,,,,,,,,,,,,,,,,,,,,,,,,,,90Cm,8|1|0,,,,,,,,,,,,,
Arte Wallpaper Gloria,arte-wallpaper-gloria,,999517461,"Gloria showcases a traditional leaf motif. In this wallpaper nature meets industry. This wallpsper is made of real metal foil. During production, the metal foil goes through an intensive process that was developed especially for this collection. The unique pattern is embossed on the wallpaper and finished with glass beads. It is normal that the glass beads that do not touch the adhesive layer, come loose. This has no impact on the final result. The glass beads in the adhesive layer adhere firmly and form the pattern. Matching plains can be found in collection Metal X.","<h1>Care Code</h1><p><img align=""baseline"" alt=""imageedit 5 2242489781"" height=""133"" src=""https://inspiry.co.nz/wp-content/uploads/2020/09/imageedit_5_2242489781.png"" title=""imageedit 5 2242489781"" width=""127"" /></p><h1>Care CodeGuide</h1><p><span style=""font-size: 1em;"">Careful and regular maintenance is the key to prolonging the life and retaining the appearance of soft furnishings. The following notes are offered as a brief guide on the care and cleaning of wallpaper.<br /><br />Please click </span><strong style=""font-size: 1em;""><a href=""https://inspiry.co.nz/wp-content/uploads/2020/09/Inspiry-Wallpaper-Care-Guide.pdf""><span style=""color:#ff0033;"">here</span><span style=""color:#696969;""> </span></a></strong><span style=""font-size: 1em;"">to download.</span>",publish,,0,10/03/22 15:00,1049,open,UF-37640-P,,,no,no,,313,,1.3,60,8.5,60,,instock,no,no,,no,taxable,,,no,,,,,,,,https://inspiry.co.nz/wp-content/uploads/2022/03/UF-37640-7.jpg ! alt : Arte Wallpaper Gloria  ! title : Arte Wallpaper Gloria  1 ! desc :  ! caption :  | https://inspiry.co.nz/wp-content/uploads/2022/03/UF-37640-1-4.jpg ! alt : Arte Wallpaper Gloria  ! title : Arte Wallpaper Gloria  2 ! desc :  ! caption :  | https://inspiry.co.nz/wp-content/uploads/2022/03/UF-37640-2-4.jpg ! alt : Arte Wallpaper Gloria  ! title : Arte Wallpaper Gloria  3 ! desc :  ! caption :  | https://inspiry.co.nz/wp-content/uploads/2022/03/UF-37640-3-4.jpg ! alt : Arte Wallpaper Gloria  ! title : Arte Wallpaper Gloria  4 ! desc :  ! caption : ,,https://inspiry.co.nz/products/arte-wallpaper-gloria/,,,,,,,,,,,,variable,exclude_from_catalog|exclude_from_search,Wallpaper,,Free Shipping,,,,,,yes,,2022-03-10T04:26:10+00:00,,0,,,,,,,,,,,,,,,,,,,,,,,,,,,,,,,,,,,,,,,,,,,,,,,,,,,,,,,,,,,,,,,,,,,,,,,,,,,,,,,,,,,,,,,,,,,,,,Due in 5-7 Days.Order Now!,11|1|0,,,,,,,,,,,,,,,,,,,,,,,,,,,,,,,,,,,,,,Arte Wallpaper,0|1|0,,,,,,,,,,,,,,,,,,,,,,,,,,,,,,,,,,,,,,,,,Metal X Signum,1|1|0,,,,,37640|37641|37642|37643|37644,2|1|1,,,,,,,,,,,,,,"Back - Non-Woven, Paste The Wall Front -100% Glass",5|1|0,,,,,,,,,,,,,,,,,,,,,,,,,,,,,,,,,,,,,,,,,Due in 5-7 Days.Order Now!,12|1|0,,,,,,,,,,,Modern Contemporary,3|1|0,,,,,,,,,,,,,,,,,,,,,,,,,,,,,,,,,,,,,,,,,,,,,,,,,,,,,,,,,,,,,,,,,,,,,,,,,,,,,,,,,,,,,,,,,,,,,,,,,,,,,,,,,,,,,,,,,,,,,,,,,,,,,,,,,,,,,,,,,,,,,,,,,,,,,,,,,,,,,,,,,,,,,,,,,,,,,,,,,,,,,,,,,,,,,,,,,,,,,,,,,,,Straight Match,6|1|0,,,,,,,,,,,,,,,,,,,,,,,,,,,,,,,,,,,,,,,,,Belgium,10|1|0,,,,,,,,,,,Motif,4|1|0,,,,,,,,,,,,,,,,,,,,,,,,,,,,,,,,,,,,,,,,,,,,,,,,,,,,,,,,,,,,,,,,,,,,,,,,,,,,,,,,,,,,,,,,,,,,,,,,,,,,,,,,,,,,,,,,,,,,,,,,,,,,,,,,Metre,9|1|0,,,,,,,,,,,,,,,,,,,,,,,,,,,,,,,,,,,,,,,,,,,,,,,,,,,,,,,,,,,,,,,,,,,,,,,,,,,,,,,,64Cm,7|1|0,,,,,,,,,,,,,,,,,,,,,,,,,,,,,,,,,,,,,,,,,90Cm,8|1|0,,,,,,,,,,,,,
Arte Wallpaper Classo,arte-wallpaper-classo,,999517466,"The Classo design depicts beautiful eastern fans. This wallpaper is made of real metal foil with an oxidised effect and is finished with a layer of satin lacquer. During production, the metal foil goes through an intensive process that was developed especially for this collection. It is coloured in such a way that the wallpaper takes on the nuances of an authentic metal look. Finally, the patterns is embossed and finished with a thin layer of satin paint.","<h1>Care Code</h1><p><img align=""baseline"" alt=""imageedit 5 2242489781"" height=""133"" src=""https://inspiry.co.nz/wp-content/uploads/2020/09/imageedit_5_2242489781.png"" title=""imageedit 5 2242489781"" width=""127"" /></p><h1>Care CodeGuide</h1><p><span style=""font-size: 1em;"">Careful and regular maintenance is the key to prolonging the life and retaining the appearance of soft furnishings. The following notes are offered as a brief guide on the care and cleaning of wallpaper.<br /><br />Please click </span><strong style=""font-size: 1em;""><a href=""https://inspiry.co.nz/wp-content/uploads/2020/09/Inspiry-Wallpaper-Care-Guide.pdf""><span style=""color:#ff0033;"">here</span><span style=""color:#696969;""> </span></a></strong><span style=""font-size: 1em;"">to download.</span>",publish,,0,10/03/22 15:00,1049,open,UF-37650-P,,,no,no,,327,,1.3,60,8.5,60,,instock,no,no,,no,taxable,,,no,,,,,,,,https://inspiry.co.nz/wp-content/uploads/2022/03/UF-37650-7.jpg ! alt : Arte Wallpaper Classo  ! title : Arte Wallpaper Classo  1 ! desc :  ! caption :  | https://inspiry.co.nz/wp-content/uploads/2022/03/UF-37650-1-4.jpg ! alt : Arte Wallpaper Classo  ! title : Arte Wallpaper Classo  2 ! desc :  ! caption :  | https://inspiry.co.nz/wp-content/uploads/2022/03/UF-37650-2-4.jpg ! alt : Arte Wallpaper Classo  ! title : Arte Wallpaper Classo  3 ! desc :  ! caption :  | https://inspiry.co.nz/wp-content/uploads/2022/03/UF-37650-3-4.jpg ! alt : Arte Wallpaper Classo  ! title : Arte Wallpaper Classo  4 ! desc :  ! caption : ,,https://inspiry.co.nz/products/arte-wallpaper-classo/,,,,,,,,,,,,variable,exclude_from_catalog|exclude_from_search,Wallpaper,,Free Shipping,,,,,,yes,,2022-03-10T04:26:11+00:00,,0,,,,,,,,,,,,,,,,,,,,,,,,,,,,,,,,,,,,,,,,,,,,,,,,,,,,,,,,,,,,,,,,,,,,,,,,,,,,,,,,,,,,,,,,,,,,,,Due in 5-7 Days.Order Now!,11|1|0,,,,,,,,,,,,,,,,,,,,,,,,,,,,,,,,,,,,,,Arte Wallpaper,0|1|0,,,,,,,,,,,,,,,,,,,,,,,,,,,,,,,,,,,,,,,,,Metal X Signum,1|1|0,,,,,37650|37651|37652|37653,2|1|1,,,,,,,,,,,,,,Non Woven Paste the Wall,5|1|0,,,,,,,,,,,,,,,,,,,,,,,,,,,,,,,,,,,,,,,,,Due in 5-7 Days.Order Now!,12|1|0,,,,,,,,,,,Modern Contemporary,3|1|0,,,,,,,,,,,,,,,,,,,,,,,,,,,,,,,,,,,,,,,,,,,,,,,,,,,,,,,,,,,,,,,,,,,,,,,,,,,,,,,,,,,,,,,,,,,,,,,,,,,,,,,,,,,,,,,,,,,,,,,,,,,,,,,,,,,,,,,,,,,,,,,,,,,,,,,,,,,,,,,,,,,,,,,,,,,,,,,,,,,,,,,,,,,,,,,,,,,,,,,,,,,Straight Match,6|1|0,,,,,,,,,,,,,,,,,,,,,,,,,,,,,,,,,,,,,,,,,Belgium,10|1|0,,,,,,,,,,,Motif,4|1|0,,,,,,,,,,,,,,,,,,,,,,,,,,,,,,,,,,,,,,,,,,,,,,,,,,,,,,,,,,,,,,,,,,,,,,,,,,,,,,,,,,,,,,,,,,,,,,,,,,,,,,,,,,,,,,,,,,,,,,,,,,,,,,,,Metre,9|1|0,,,,,,,,,,,,,,,,,,,,,,,,,,,,,,,,,,,,,,,,,,,,,,,,,,,,,,,,,,,,,,,,,,,,,,,,,,,,,,,,45Cm,7|1|0,,,,,,,,,,,,,,,,,,,,,,,,,,,,,,,,,,,,,,,,,90Cm,8|1|0,,,,,,,,,,,,,
Arte Wallpaper Quadra,arte-wallpaper-quadra,,999517471,"Angles and sides. The Quadra design consists of a variation of light and dark rectangles, which will continue to intrigue you with their irregularity. This wallpaper is made of real metal foil. During production, the metal foil goes through an intensive process that was developed especially for this collection. It is coloured in such a way that the wallcovering takes on the nuances of an authentic metal look. Finally, the pattern is embossed and finished with a thin layer of satin paint and glass beads. It is normal that the glass beads that do not touch the adhesive layer, come loose. This has no impact on the final result. The glass beads in the adhesive layer adhere firmly and form the pattern.","<h1>Care Code</h1><p><img align=""baseline"" alt=""imageedit 5 2242489781"" height=""133"" src=""https://inspiry.co.nz/wp-content/uploads/2020/09/imageedit_5_2242489781.png"" title=""imageedit 5 2242489781"" width=""127"" /></p><h1>Care CodeGuide</h1><p><span style=""font-size: 1em;"">Careful and regular maintenance is the key to prolonging the life and retaining the appearance of soft furnishings. The following notes are offered as a brief guide on the care and cleaning of wallpaper.<br /><br />Please click </span><strong style=""font-size: 1em;""><a href=""https://inspiry.co.nz/wp-content/uploads/2020/09/Inspiry-Wallpaper-Care-Guide.pdf""><span style=""color:#ff0033;"">here</span><span style=""color:#696969;""> </span></a></strong><span style=""font-size: 1em;"">to download.</span>",publish,,0,10/03/22 15:00,1049,open,UF-37660-P,,,no,no,,327,,1.3,60,8.5,60,,instock,no,no,,no,taxable,,,no,,,,,,,,https://inspiry.co.nz/wp-content/uploads/2022/03/UF-37660-6.jpg ! alt : Arte Wallpaper Quadra  ! title : Arte Wallpaper Quadra  1 ! desc :  ! caption :  | https://inspiry.co.nz/wp-content/uploads/2022/03/UF-37660-1-3.jpg ! alt : Arte Wallpaper Quadra  ! title : Arte Wallpaper Quadra  2 ! desc :  ! caption :  | https://inspiry.co.nz/wp-content/uploads/2022/03/UF-37660-2-3.jpg ! alt : Arte Wallpaper Quadra  ! title : Arte Wallpaper Quadra  3 ! desc :  ! caption :  | https://inspiry.co.nz/wp-content/uploads/2022/03/UF-37660-3-3.jpg ! alt : Arte Wallpaper Quadra  ! title : Arte Wallpaper Quadra  4 ! desc :  ! caption : ,,https://inspiry.co.nz/products/arte-wallpaper-quadra/,,,,,,,,,,,,variable,exclude_from_catalog|exclude_from_search,Wallpaper,,Free Shipping,,,,,,yes,,2022-03-12T17:07:29+00:00,,0,,,,,,,,,,,,,,,,,,,,,,,,,,,,,,,,,,,,,,,,,,,,,,,,,,,,,,,,,,,,,,,,,,,,,,,,,,,,,,,,,,,,,,,,,,,,,,Due in 5-7 Days.Order Now!,11|1|0,,,,,,,,,,,,,,,,,,,,,,,,,,,,,,,,,,,,,,Arte Wallpaper,0|1|0,,,,,,,,,,,,,,,,,,,,,,,,,,,,,,,,,,,,,,,,,Metal X Signum,1|1|0,,,,,37660|37661|37662|37663,2|1|1,,,,,,,,,,,,,,Non Woven Paste the Wall,5|1|0,,,,,,,,,,,,,,,,,,,,,,,,,,,,,,,,,,,,,,,,,Due in 5-7 Days.Order Now!,12|1|0,,,,,,,,,,,Modern Contemporary,3|1|0,,,,,,,,,,,,,,,,,,,,,,,,,,,,,,,,,,,,,,,,,,,,,,,,,,,,,,,,,,,,,,,,,,,,,,,,,,,,,,,,,,,,,,,,,,,,,,,,,,,,,,,,,,,,,,,,,,,,,,,,,,,,,,,,,,,,,,,,,,,,,,,,,,,,,,,,,,,,,,,,,,,,,,,,,,,,,,,,,,,,,,,,,,,,,,,,,,,,,,,,,,,Straight Match,6|1|0,,,,,,,,,,,,,,,,,,,,,,,,,,,,,,,,,,,,,,,,,Belgium,10|1|0,,,,,,,,,,,Motif,4|1|0,,,,,,,,,,,,,,,,,,,,,,,,,,,,,,,,,,,,,,,,,,,,,,,,,,,,,,,,,,,,,,,,,,,,,,,,,,,,,,,,,,,,,,,,,,,,,,,,,,,,,,,,,,,,,,,,,,,,,,,,,,,,,,,,Metre,9|1|0,,,,,,,,,,,,,,,,,,,,,,,,,,,,,,,,,,,,,,,,,,,,,,,,,,,,,,,,,,,,,,,,,,,,,,,,,,,,,,,,64Cm,7|1|0,,,,,,,,,,,,,,,,,,,,,,,,,,,,,,,,,,,,,,,,,90Cm,8|1|0,,,,,,,,,,,,,
Arte Wallpaper Pyxis,arte-wallpaper-pyxis,,999517476,"An elegant plain. The pleated covering of√Ç¬¨√¢‚Ç¨¬†Pyxis boasts a contemporary look & feel, but with a matte finish. This wallpaper is made of abundant materials, including soft suede, printed on natural paper weave and embroidered chinoiserie on raw cotton.","<h1>Care Code</h1><p><img align=""baseline"" alt=""imageedit 5 2242489781"" height=""133"" src=""https://inspiry.co.nz/wp-content/uploads/2020/09/imageedit_5_2242489781.png"" title=""imageedit 5 2242489781"" width=""127"" /></p><h1>Care CodeGuide</h1><p><span style=""font-size: 1em;"">Careful and regular maintenance is the key to prolonging the life and retaining the appearance of soft furnishings. The following notes are offered as a brief guide on the care and cleaning of wallpaper.<br /><br />Please click </span><strong style=""font-size: 1em;""><a href=""https://inspiry.co.nz/wp-content/uploads/2020/09/Inspiry-Wallpaper-Care-Guide.pdf""><span style=""color:#ff0033;"">here</span><span style=""color:#696969;""> </span></a></strong><span style=""font-size: 1em;"">to download.</span>",publish,,0,10/03/22 15:00,1049,open,UF-38000-P,,,no,no,,228,,1.3,60,8.5,60,,instock,no,no,,no,taxable,,,no,,,,,,,,https://inspiry.co.nz/wp-content/uploads/2022/03/UF-38000-5.jpg ! alt : Arte Wallpaper Pyxis  ! title : Arte Wallpaper Pyxis  1 ! desc :  ! caption :  | https://inspiry.co.nz/wp-content/uploads/2022/03/UF-38000-1-3.jpg ! alt : Arte Wallpaper Pyxis  ! title : Arte Wallpaper Pyxis  2 ! desc :  ! caption :  | https://inspiry.co.nz/wp-content/uploads/2022/03/UF-38000-2-3.jpg ! alt : Arte Wallpaper Pyxis  ! title : Arte Wallpaper Pyxis  3 ! desc :  ! caption : ,,https://inspiry.co.nz/products/arte-wallpaper-pyxis/,,,,,,,,,,,,variable,exclude_from_catalog|exclude_from_search,Wallpaper,,Free Shipping,,,,,,yes,,2022-03-12T17:07:32+00:00,,0,,,,,,,,,,,,,,,,,,,,,,,,,,,,,,,,,,,,,,,,,,,,,,,,,,,,,,,,,,,,,,,,,,,,,,,,,,,,,,,,,,,,,,,,,,,,,,Due in 5-7 Days.Order Now!,11|1|0,,,,,,,,,,,,,,,,,,,,,,,,,,,,,,,,,,,,,,Arte Wallpaper,0|1|0,,,,,,,,,,,,,,,,,,,,,,,,,,,,,,,,,,,,,,,,,Takara,1|1|0,,,,,38000|38006|38009|38011|38012,2|1|1,,,,,,,,,,,,,,Non Woven Paste the Wall,5|1|0,,,,,,,,,,,,,,,,,,,,,,,,,,,,,,,,,,,,,,,,,Due in 5-7 Days.Order Now!,12|1|0,,,,,,,,,,,Modern Contemporary,3|1|0,,,,,,,,,,,,,,,,,,,,,,,,,,,,,,,,,,,,,,,,,,,,,,,,,,,,,,,,,,,,,,,,,,,,,,,,,,,,,,,,,,,,,,,,,,,,,,,,,,,,,,,,,,,,,,,,,,,,,,,,,,,,,,,,,,,,,,,,,,,,,,,,,,,,,,,,,,,,,,,,,,,,,,,,,,,,,,,,,,,,,,,,,,,,,,,,,,,,,,,,,,,Free Match,6|1|0,,,,,,,,,,,,,,,,,,,,,,,,,,,,,,,,,,,,,,,,,Belgium,10|1|0,,,,,,,,,,,Motif,4|1|0,,,,,,,,,,,,,,,,,,,,,,,,,,,,,,,,,,,,,,,,,,,,,,,,,,,,,,,,,,,,,,,,,,,,,,,,,,,,,,,,,,,,,,,,,,,,,,,,,,,,,,,,,,,,,,,,,,,,,,,,,,,,,,,,Metre,9|1|0,,,,,,,,,,,,,,,,,,,,,,,,,,,,,,,,,,,,,,,,,,,,,,,,,,,,,,,,,,,,,,,,,,,,,,,,,,,,,,,,0Cm,7|1|0,,,,,,,,,,,,,,,,,,,,,,,,,,,,,,,,,,,,,,,,,90Cm,8|1|0,,,,,,,,,,,,,
Arte Wallpaper Mira,arte-wallpaper-mira,,999517480,Mira√Ç¬¨√¢‚Ç¨¬†is pure luxury. A finely pleated non-woven with the compact folds running horizontally. It looks like waves. The 'crest of the wave' is given a layer of shine using metal foil and resulting in a refined look. It's quite high-tech.,"<h1>Care Code</h1><p><img align=""baseline"" alt=""imageedit 5 2242489781"" height=""133"" src=""https://inspiry.co.nz/wp-content/uploads/2020/09/imageedit_5_2242489781.png"" title=""imageedit 5 2242489781"" width=""127"" /></p><h1>Care CodeGuide</h1><p><span style=""font-size: 1em;"">Careful and regular maintenance is the key to prolonging the life and retaining the appearance of soft furnishings. The following notes are offered as a brief guide on the care and cleaning of wallpaper.<br /><br />Please click </span><strong style=""font-size: 1em;""><a href=""https://inspiry.co.nz/wp-content/uploads/2020/09/Inspiry-Wallpaper-Care-Guide.pdf""><span style=""color:#ff0033;"">here</span><span style=""color:#696969;""> </span></a></strong><span style=""font-size: 1em;"">to download.</span>",publish,,0,10/03/22 15:00,1049,open,UF-38152-P,,,no,no,,439,,1.3,60,8.5,60,,instock,no,no,,no,taxable,,,no,,,,,,,,https://inspiry.co.nz/wp-content/uploads/2022/03/UF-38152-5.jpg ! alt : Arte Wallpaper Mira  ! title : Arte Wallpaper Mira  1 ! desc :  ! caption :  | https://inspiry.co.nz/wp-content/uploads/2022/03/UF-38152-1-3.jpg ! alt : Arte Wallpaper Mira  ! title : Arte Wallpaper Mira  2 ! desc :  ! caption :  | https://inspiry.co.nz/wp-content/uploads/2022/03/UF-38152-2-3.jpg ! alt : Arte Wallpaper Mira  ! title : Arte Wallpaper Mira  3 ! desc :  ! caption : ,,https://inspiry.co.nz/products/arte-wallpaper-mira/,,,,,,,,,,,,variable,exclude_from_catalog|exclude_from_search,Wallpaper,,Free Shipping,,,,,,yes,,2022-03-12T17:07:33+00:00,,0,,,,,,,,,,,,,,,,,,,,,,,,,,,,,,,,,,,,,,,,,,,,,,,,,,,,,,,,,,,,,,,,,,,,,,,,,,,,,,,,,,,,,,,,,,,,,,Due in 5-7 Days.Order Now!,11|1|0,,,,,,,,,,,,,,,,,,,,,,,,,,,,,,,,,,,,,,Arte Wallpaper,0|1|0,,,,,,,,,,,,,,,,,,,,,,,,,,,,,,,,,,,,,,,,,Vanguard,1|1|0,,,,,38152|38155,2|1|1,,,,,,,,,,,,,,Non Woven Paste the Wall,5|1|0,,,,,,,,,,,,,,,,,,,,,,,,,,,,,,,,,,,,,,,,,Due in 5-7 Days.Order Now!,12|1|0,,,,,,,,,,,Modern Contemporary,3|1|0,,,,,,,,,,,,,,,,,,,,,,,,,,,,,,,,,,,,,,,,,,,,,,,,,,,,,,,,,,,,,,,,,,,,,,,,,,,,,,,,,,,,,,,,,,,,,,,,,,,,,,,,,,,,,,,,,,,,,,,,,,,,,,,,,,,,,,,,,,,,,,,,,,,,,,,,,,,,,,,,,,,,,,,,,,,,,,,,,,,,,,,,,,,,,,,,,,,,,,,,,,,Free Match,6|1|0,,,,,,,,,,,,,,,,,,,,,,,,,,,,,,,,,,,,,,,,,Belgium,10|1|0,,,,,,,,,,,Texture,4|1|0,,,,,,,,,,,,,,,,,,,,,,,,,,,,,,,,,,,,,,,,,,,,,,,,,,,,,,,,,,,,,,,,,,,,,,,,,,,,,,,,,,,,,,,,,,,,,,,,,,,,,,,,,,,,,,,,,,,,,,,,,,,,,,,,Metre,9|1|0,,,,,,,,,,,,,,,,,,,,,,,,,,,,,,,,,,,,,,,,,,,,,,,,,,,,,,,,,,,,,,,,,,,,,,,,,,,,,,,,0Cm,7|1|0,,,,,,,,,,,,,,,,,,,,,,,,,,,,,,,,,,,,,,,,,85Cm,8|1|0,,,,,,,,,,,,,
Arte Wallpaper Drift,arte-wallpaper-drift,,999517484,"Made from natural sisal fibres which are very finely woven. The woven sisal is then hand-pleated. Finally, we use the tipping technique, in which metallic ink is applied to the tips of the pleats. This yields a living, totally unique wallcovering, brimming with character.","<h1>Care Code</h1><p><img align=""baseline"" alt=""imageedit 1 8057904090"" height=""135"" src=""https://inspiry.co.nz/wp-content/uploads/2020/09/https://inspiry.co.nz/wp-content/uploads/2020/09/imageedit_1_8057904090.png"" title=""imageedit 1 8057904090"" width=""133"" /></p><h1>Care CodeGuide</h1><p><span style=""font-size: 1em;"">Careful and regular maintenance is the key to prolonging the life and retaining the appearance of soft furnishings. The following notes are offered as a brief guide on the care and cleaning of wallpaper.<br /><br />Please click </span><strong style=""font-size: 1em;""><a href=""https://inspiry.co.nz/wp-content/uploads/2020/09/Inspiry-Wallpaper-Care-Guide.pdf""><span style=""color:#ff0033;"">here</span><span style=""color:#696969;""> </span></a></strong><span style=""font-size: 1em;"">to download.</span>",publish,,0,10/03/22 15:00,1049,open,UF-40300-P,,,no,no,,269,,1.3,60,8.5,60,,instock,no,no,,no,taxable,,,no,,,,,,,,https://inspiry.co.nz/wp-content/uploads/2022/03/UF-40300-6.jpg ! alt : Arte Wallpaper Drift  ! title : Arte Wallpaper Drift  1 ! desc :  ! caption :  | https://inspiry.co.nz/wp-content/uploads/2022/03/UF-40300-1-3.jpg ! alt : Arte Wallpaper Drift  ! title : Arte Wallpaper Drift  2 ! desc :  ! caption :  | https://inspiry.co.nz/wp-content/uploads/2022/03/UF-40300-2-3.jpg ! alt : Arte Wallpaper Drift  ! title : Arte Wallpaper Drift  3 ! desc :  ! caption :  | https://inspiry.co.nz/wp-content/uploads/2022/03/UF-40300-3-3.jpg ! alt : Arte Wallpaper Drift  ! title : Arte Wallpaper Drift  4 ! desc :  ! caption : ,,https://inspiry.co.nz/products/arte-wallpaper-drift/,,,,,,,,,,,,variable,exclude_from_catalog|exclude_from_search,Wallpaper,,Free Shipping,,,,,,yes,,2022-03-12T17:07:40+00:00,,0,,,,,,,,,,,,,,,,,,,,,,,,,,,,,,,,,,,,,,,,,,,,,,,,,,,,,,,,,,,,,,,,,,,,,,,,,,,,,,,,,,,,,,,,,,,,,,Due in 5-7 Days.Order Now!,11|1|0,,,,,,,,,,,,,,,,,,,,,,,,,,,,,,,,,,,,,,Arte Wallpaper,0|1|0,,,,,,,,,,,,,,,,,,,,,,,,,,,,,,,,,,,,,,,,,Artisan,1|1|0,,,,,40300|40301|40302|40303|40304|40305|40306|40307|40308|40309|40310|40311|40312|40313|40314|40315|40316,2|1|1,,,,,,,,,,,,,,Non Woven Paste the Wall,5|1|0,,,,,,,,,,,,,,,,,,,,,,,,,,,,,,,,,,,,,,,,,Due in 5-7 Days.Order Now!,12|1|0,,,,,,,,,,,Modern Contemporary,3|1|0,,,,,,,,,,,,,,,,,,,,,,,,,,,,,,,,,,,,,,,,,,,,,,,,,,,,,,,,,,,,,,,,,,,,,,,,,,,,,,,,,,,,,,,,,,,,,,,,,,,,,,,,,,,,,,,,,,,,,,,,,,,,,,,,,,,,,,,,,,,,,,,,,,,,,,,,,,,,,,,,,,,,,,,,,,,,,,,,,,,,,,,,,,,,,,,,,,,,,,,,,,,Free Match,6|1|0,,,,,,,,,,,,,,,,,,,,,,,,,,,,,,,,,,,,,,,,,Belgium,10|1|0,,,,,,,,,,,Texture,4|1|0,,,,,,,,,,,,,,,,,,,,,,,,,,,,,,,,,,,,,,,,,,,,,,,,,,,,,,,,,,,,,,,,,,,,,,,,,,,,,,,,,,,,,,,,,,,,,,,,,,,,,,,,,,,,,,,,,,,,,,,,,,,,,,,,Metre,9|1|0,,,,,,,,,,,,,,,,,,,,,,,,,,,,,,,,,,,,,,,,,,,,,,,,,,,,,,,,,,,,,,,,,,,,,,,,,,,,,,,,0Cm,7|1|0,,,,,,,,,,,,,,,,,,,,,,,,,,,,,,,,,,,,,,,,,91.44Cm,8|1|0,,,,,,,,,,,,,
Arte Wallpaper Fringe,arte-wallpaper-fringe,,999517489,"An authentic double-weave jute. The jute strips are first dyed and then woven. This fabric is glued onto a shiny metal foil or a matt base, and then it is all cut into strips again. Finally, these strips are woven once again.","<h1>Care Code</h1><p><img align=""baseline"" alt=""imageedit 1 8057904090"" height=""135"" src=""https://inspiry.co.nz/wp-content/uploads/2020/09/https://inspiry.co.nz/wp-content/uploads/2020/09/imageedit_1_8057904090.png"" title=""imageedit 1 8057904090"" width=""133"" /></p><h1>Care CodeGuide</h1><p><span style=""font-size: 1em;"">Careful and regular maintenance is the key to prolonging the life and retaining the appearance of soft furnishings. The following notes are offered as a brief guide on the care and cleaning of wallpaper.<br /><br />Please click </span><strong style=""font-size: 1em;""><a href=""https://inspiry.co.nz/wp-content/uploads/2020/09/Inspiry-Wallpaper-Care-Guide.pdf""><span style=""color:#ff0033;"">here</span><span style=""color:#696969;""> </span></a></strong><span style=""font-size: 1em;"">to download.</span>",publish,,0,10/03/22 15:00,1049,open,UF-40320-P,,,no,no,,313,,1.3,60,8.5,60,,instock,no,no,,no,taxable,,,no,,,,,,,,https://inspiry.co.nz/wp-content/uploads/2022/03/UF-40320-6.jpg ! alt : Arte Wallpaper Fringe  ! title : Arte Wallpaper Fringe  1 ! desc :  ! caption :  | https://inspiry.co.nz/wp-content/uploads/2022/03/UF-40320-1-3.jpg ! alt : Arte Wallpaper Fringe  ! title : Arte Wallpaper Fringe  2 ! desc :  ! caption :  | https://inspiry.co.nz/wp-content/uploads/2022/03/UF-40320-2-3.jpg ! alt : Arte Wallpaper Fringe  ! title : Arte Wallpaper Fringe  3 ! desc :  ! caption :  | https://inspiry.co.nz/wp-content/uploads/2022/03/UF-40320-3-3.jpg ! alt : Arte Wallpaper Fringe  ! title : Arte Wallpaper Fringe  4 ! desc :  ! caption : ,,https://inspiry.co.nz/products/arte-wallpaper-fringe/,,,,,,,,,,,,variable,exclude_from_catalog|exclude_from_search,Wallpaper,,Free Shipping,,,,,,yes,,2022-03-12T17:07:42+00:00,,0,,,,,,,,,,,,,,,,,,,,,,,,,,,,,,,,,,,,,,,,,,,,,,,,,,,,,,,,,,,,,,,,,,,,,,,,,,,,,,,,,,,,,,,,,,,,,,Due in 5-7 Days.Order Now!,11|1|0,,,,,,,,,,,,,,,,,,,,,,,,,,,,,,,,,,,,,,Arte Wallpaper,0|1|0,,,,,,,,,,,,,,,,,,,,,,,,,,,,,,,,,,,,,,,,,Artisan,1|1|0,,,,,40320|40321|40322|40323|40324,2|1|1,,,,,,,,,,,,,,Non Woven Paste the Wall,5|1|0,,,,,,,,,,,,,,,,,,,,,,,,,,,,,,,,,,,,,,,,,Due in 5-7 Days.Order Now!,12|1|0,,,,,,,,,,,Modern Contemporary,3|1|0,,,,,,,,,,,,,,,,,,,,,,,,,,,,,,,,,,,,,,,,,,,,,,,,,,,,,,,,,,,,,,,,,,,,,,,,,,,,,,,,,,,,,,,,,,,,,,,,,,,,,,,,,,,,,,,,,,,,,,,,,,,,,,,,,,,,,,,,,,,,,,,,,,,,,,,,,,,,,,,,,,,,,,,,,,,,,,,,,,,,,,,,,,,,,,,,,,,,,,,,,,,Free Match,6|1|0,,,,,,,,,,,,,,,,,,,,,,,,,,,,,,,,,,,,,,,,,Belgium,10|1|0,,,,,,,,,,,Texture,4|1|0,,,,,,,,,,,,,,,,,,,,,,,,,,,,,,,,,,,,,,,,,,,,,,,,,,,,,,,,,,,,,,,,,,,,,,,,,,,,,,,,,,,,,,,,,,,,,,,,,,,,,,,,,,,,,,,,,,,,,,,,,,,,,,,,Metre,9|1|0,,,,,,,,,,,,,,,,,,,,,,,,,,,,,,,,,,,,,,,,,,,,,,,,,,,,,,,,,,,,,,,,,,,,,,,,,,,,,,,,0Cm,7|1|0,,,,,,,,,,,,,,,,,,,,,,,,,,,,,,,,,,,,,,,,,91.44Cm,8|1|0,,,,,,,,,,,,,
Arte Wallpaper Twill,arte-wallpaper-twill,,999517494,"The basic material for this wallcovering is a tropical plant, the pandan. The fibres of this plant are interwoven by hand. This braiding is cut diagonally into strips, which are then woven. We drew the inspiration for this wallcovering from the growing trend of braiding in fashion and interior design.","<h1>Care Code</h1><p><img align=""baseline"" alt=""imageedit 1 8057904090"" height=""135"" src=""https://inspiry.co.nz/wp-content/uploads/2020/09/https://inspiry.co.nz/wp-content/uploads/2020/09/imageedit_1_8057904090.png"" title=""imageedit 1 8057904090"" width=""133"" /></p><h1>Care CodeGuide</h1><p><span style=""font-size: 1em;"">Careful and regular maintenance is the key to prolonging the life and retaining the appearance of soft furnishings. The following notes are offered as a brief guide on the care and cleaning of wallpaper.<br /><br />Please click </span><strong style=""font-size: 1em;""><a href=""https://inspiry.co.nz/wp-content/uploads/2020/09/Inspiry-Wallpaper-Care-Guide.pdf""><span style=""color:#ff0033;"">here</span><span style=""color:#696969;""> </span></a></strong><span style=""font-size: 1em;"">to download.</span>",publish,,0,10/03/22 15:00,1049,open,UF-40330-P,,,no,no,,550,,1.3,60,8.5,60,,instock,no,no,,no,taxable,,,no,,,,,,,,https://inspiry.co.nz/wp-content/uploads/2022/03/UF-40330-6.jpg ! alt : Arte Wallpaper Twill  ! title : Arte Wallpaper Twill  1 ! desc :  ! caption :  | https://inspiry.co.nz/wp-content/uploads/2022/03/UF-40330-1-3.jpg ! alt : Arte Wallpaper Twill  ! title : Arte Wallpaper Twill  2 ! desc :  ! caption :  | https://inspiry.co.nz/wp-content/uploads/2022/03/UF-40330-2-3.jpg ! alt : Arte Wallpaper Twill  ! title : Arte Wallpaper Twill  3 ! desc :  ! caption :  | https://inspiry.co.nz/wp-content/uploads/2022/03/UF-40330-3-3.jpg ! alt : Arte Wallpaper Twill  ! title : Arte Wallpaper Twill  4 ! desc :  ! caption : ,,https://inspiry.co.nz/products/arte-wallpaper-twill/,,,,,,,,,,,,variable,exclude_from_catalog|exclude_from_search,Wallpaper,,Free Shipping,,,,,,yes,,2022-03-12T17:07:44+00:00,,0,,,,,,,,,,,,,,,,,,,,,,,,,,,,,,,,,,,,,,,,,,,,,,,,,,,,,,,,,,,,,,,,,,,,,,,,,,,,,,,,,,,,,,,,,,,,,,Due in 5-7 Days.Order Now!,11|1|0,,,,,,,,,,,,,,,,,,,,,,,,,,,,,,,,,,,,,,Arte Wallpaper,0|1|0,,,,,,,,,,,,,,,,,,,,,,,,,,,,,,,,,,,,,,,,,Artisan,1|1|0,,,,,40330|40331|40332|40333,2|1|1,,,,,,,,,,,,,,Non Woven Paste the Wall,5|1|0,,,,,,,,,,,,,,,,,,,,,,,,,,,,,,,,,,,,,,,,,Due in 5-7 Days.Order Now!,12|1|0,,,,,,,,,,,Modern Contemporary,3|1|0,,,,,,,,,,,,,,,,,,,,,,,,,,,,,,,,,,,,,,,,,,,,,,,,,,,,,,,,,,,,,,,,,,,,,,,,,,,,,,,,,,,,,,,,,,,,,,,,,,,,,,,,,,,,,,,,,,,,,,,,,,,,,,,,,,,,,,,,,,,,,,,,,,,,,,,,,,,,,,,,,,,,,,,,,,,,,,,,,,,,,,,,,,,,,,,,,,,,,,,,,,,Free Match,6|1|0,,,,,,,,,,,,,,,,,,,,,,,,,,,,,,,,,,,,,,,,,Belgium,10|1|0,,,,,,,,,,,Texture,4|1|0,,,,,,,,,,,,,,,,,,,,,,,,,,,,,,,,,,,,,,,,,,,,,,,,,,,,,,,,,,,,,,,,,,,,,,,,,,,,,,,,,,,,,,,,,,,,,,,,,,,,,,,,,,,,,,,,,,,,,,,,,,,,,,,,Metre,9|1|0,,,,,,,,,,,,,,,,,,,,,,,,,,,,,,,,,,,,,,,,,,,,,,,,,,,,,,,,,,,,,,,,,,,,,,,,,,,,,,,,0Cm,7|1|0,,,,,,,,,,,,,,,,,,,,,,,,,,,,,,,,,,,,,,,,,91.44Cm,8|1|0,,,,,,,,,,,,,
Arte Wallpaper Bandeau,arte-wallpaper-bandeau,,999517499,"Large sheets with mica flakes are hand-dyed for this pattern. Then rectangles are stamped out of them with the utmost care. These shapes are then glued by hand into the pattern, so that they impart a beautiful yet not too rigid effect. For some wallcoverings, we use mica in a single colour, while in others we combine three colours in a random pattern.","<h1>Care Code</h1><p><img align=""baseline"" alt=""imageedit 1 8057904090"" height=""135"" src=""https://inspiry.co.nz/wp-content/uploads/2020/09/https://inspiry.co.nz/wp-content/uploads/2020/09/imageedit_1_8057904090.png"" title=""imageedit 1 8057904090"" width=""133"" /></p><h1>Care CodeGuide</h1><p><span style=""font-size: 1em;"">Careful and regular maintenance is the key to prolonging the life and retaining the appearance of soft furnishings. The following notes are offered as a brief guide on the care and cleaning of wallpaper.<br /><br />Please click </span><strong style=""font-size: 1em;""><a href=""https://inspiry.co.nz/wp-content/uploads/2020/09/Inspiry-Wallpaper-Care-Guide.pdf""><span style=""color:#ff0033;"">here</span><span style=""color:#696969;""> </span></a></strong><span style=""font-size: 1em;"">to download.</span>",publish,,0,10/03/22 15:00,1049,open,UF-40340-P,,,no,no,,520,,1.3,60,8.5,60,,instock,no,no,,no,taxable,,,no,,,,,,,,https://inspiry.co.nz/wp-content/uploads/2022/03/UF-40340-6.jpg ! alt : Arte Wallpaper Bandeau  ! title : Arte Wallpaper Bandeau  1 ! desc :  ! caption :  | https://inspiry.co.nz/wp-content/uploads/2022/03/UF-40340-1-3.jpg ! alt : Arte Wallpaper Bandeau  ! title : Arte Wallpaper Bandeau  2 ! desc :  ! caption :  | https://inspiry.co.nz/wp-content/uploads/2022/03/UF-40340-2-3.jpg ! alt : Arte Wallpaper Bandeau  ! title : Arte Wallpaper Bandeau  3 ! desc :  ! caption :  | https://inspiry.co.nz/wp-content/uploads/2022/03/UF-40340-3-3.jpg ! alt : Arte Wallpaper Bandeau  ! title : Arte Wallpaper Bandeau  4 ! desc :  ! caption : ,,https://inspiry.co.nz/products/arte-wallpaper-bandeau/,,,,,,,,,,,,variable,exclude_from_catalog|exclude_from_search,Wallpaper,,Free Shipping,,,,,,yes,,2022-03-12T17:07:46+00:00,,0,,,,,,,,,,,,,,,,,,,,,,,,,,,,,,,,,,,,,,,,,,,,,,,,,,,,,,,,,,,,,,,,,,,,,,,,,,,,,,,,,,,,,,,,,,,,,,Due in 5-7 Days.Order Now!,11|1|0,,,,,,,,,,,,,,,,,,,,,,,,,,,,,,,,,,,,,,Arte Wallpaper,0|1|0,,,,,,,,,,,,,,,,,,,,,,,,,,,,,,,,,,,,,,,,,Artisan,1|1|0,,,,,40340|40341|40342|40343|40344|40345,2|1|1,,,,,,,,,,,,,,Non Woven Paste the Wall,5|1|0,,,,,,,,,,,,,,,,,,,,,,,,,,,,,,,,,,,,,,,,,Due in 5-7 Days.Order Now!,12|1|0,,,,,,,,,,,Modern Contemporary,3|1|0,,,,,,,,,,,,,,,,,,,,,,,,,,,,,,,,,,,,,,,,,,,,,,,,,,,,,,,,,,,,,,,,,,,,,,,,,,,,,,,,,,,,,,,,,,,,,,,,,,,,,,,,,,,,,,,,,,,,,,,,,,,,,,,,,,,,,,,,,,,,,,,,,,,,,,,,,,,,,,,,,,,,,,,,,,,,,,,,,,,,,,,,,,,,,,,,,,,,,,,,,,,Free Match,6|1|0,,,,,,,,,,,,,,,,,,,,,,,,,,,,,,,,,,,,,,,,,Belgium,10|1|0,,,,,,,,,,,Texture,4|1|0,,,,,,,,,,,,,,,,,,,,,,,,,,,,,,,,,,,,,,,,,,,,,,,,,,,,,,,,,,,,,,,,,,,,,,,,,,,,,,,,,,,,,,,,,,,,,,,,,,,,,,,,,,,,,,,,,,,,,,,,,,,,,,,,Metre,9|1|0,,,,,,,,,,,,,,,,,,,,,,,,,,,,,,,,,,,,,,,,,,,,,,,,,,,,,,,,,,,,,,,,,,,,,,,,,,,,,,,,0Cm,7|1|0,,,,,,,,,,,,,,,,,,,,,,,,,,,,,,,,,,,,,,,,,91.44Cm,8|1|0,,,,,,,,,,,,,
Arte Wallpaper Shimmer,arte-wallpaper-shimmer,,999517504,"This pattern consists, as it were, of woven mica*. First, sheets are coloured with glued mica flakes. They are cut into very narrow strips, which are then woven with a conventional loom. The result is a wallcovering with the look of a very fine, gently glistening mosaic.","<h1>Care Code</h1><p><img align=""baseline"" alt=""imageedit 1 8057904090"" height=""135"" src=""https://inspiry.co.nz/wp-content/uploads/2020/09/https://inspiry.co.nz/wp-content/uploads/2020/09/imageedit_1_8057904090.png"" title=""imageedit 1 8057904090"" width=""133"" /></p><h1>Care CodeGuide</h1><p><span style=""font-size: 1em;"">Careful and regular maintenance is the key to prolonging the life and retaining the appearance of soft furnishings. The following notes are offered as a brief guide on the care and cleaning of wallpaper.<br /><br />Please click </span><strong style=""font-size: 1em;""><a href=""https://inspiry.co.nz/wp-content/uploads/2020/09/Inspiry-Wallpaper-Care-Guide.pdf""><span style=""color:#ff0033;"">here</span><span style=""color:#696969;""> </span></a></strong><span style=""font-size: 1em;"">to download.</span>",publish,,0,10/03/22 15:00,1049,open,UF-40350-P,,,no,no,,492,,1.3,60,8.5,60,,instock,no,no,,no,taxable,,,no,,,,,,,,https://inspiry.co.nz/wp-content/uploads/2022/03/UF-40350-6.jpg ! alt : Arte Wallpaper Shimmer  ! title : Arte Wallpaper Shimmer  1 ! desc :  ! caption :  | https://inspiry.co.nz/wp-content/uploads/2022/03/UF-40350-1-3.jpg ! alt : Arte Wallpaper Shimmer  ! title : Arte Wallpaper Shimmer  2 ! desc :  ! caption :  | https://inspiry.co.nz/wp-content/uploads/2022/03/UF-40350-2-3.jpg ! alt : Arte Wallpaper Shimmer  ! title : Arte Wallpaper Shimmer  3 ! desc :  ! caption :  | https://inspiry.co.nz/wp-content/uploads/2022/03/UF-40350-3-3.jpg ! alt : Arte Wallpaper Shimmer  ! title : Arte Wallpaper Shimmer  4 ! desc :  ! caption : ,,https://inspiry.co.nz/products/arte-wallpaper-shimmer/,,,,,,,,,,,,variable,exclude_from_catalog|exclude_from_search,Wallpaper,,Free Shipping,,,,,,yes,,2022-03-12T17:07:49+00:00,,0,,,,,,,,,,,,,,,,,,,,,,,,,,,,,,,,,,,,,,,,,,,,,,,,,,,,,,,,,,,,,,,,,,,,,,,,,,,,,,,,,,,,,,,,,,,,,,Due in 5-7 Days.Order Now!,11|1|0,,,,,,,,,,,,,,,,,,,,,,,,,,,,,,,,,,,,,,Arte Wallpaper,0|1|0,,,,,,,,,,,,,,,,,,,,,,,,,,,,,,,,,,,,,,,,,Artisan,1|1|0,,,,,40350|40351|40352|40353|40354|40355,2|1|1,,,,,,,,,,,,,,Non Woven Paste the Wall,5|1|0,,,,,,,,,,,,,,,,,,,,,,,,,,,,,,,,,,,,,,,,,Due in 5-7 Days.Order Now!,12|1|0,,,,,,,,,,,Modern Contemporary,3|1|0,,,,,,,,,,,,,,,,,,,,,,,,,,,,,,,,,,,,,,,,,,,,,,,,,,,,,,,,,,,,,,,,,,,,,,,,,,,,,,,,,,,,,,,,,,,,,,,,,,,,,,,,,,,,,,,,,,,,,,,,,,,,,,,,,,,,,,,,,,,,,,,,,,,,,,,,,,,,,,,,,,,,,,,,,,,,,,,,,,,,,,,,,,,,,,,,,,,,,,,,,,,Free Match,6|1|0,,,,,,,,,,,,,,,,,,,,,,,,,,,,,,,,,,,,,,,,,Belgium,10|1|0,,,,,,,,,,,Texture,4|1|0,,,,,,,,,,,,,,,,,,,,,,,,,,,,,,,,,,,,,,,,,,,,,,,,,,,,,,,,,,,,,,,,,,,,,,,,,,,,,,,,,,,,,,,,,,,,,,,,,,,,,,,,,,,,,,,,,,,,,,,,,,,,,,,,Metre,9|1|0,,,,,,,,,,,,,,,,,,,,,,,,,,,,,,,,,,,,,,,,,,,,,,,,,,,,,,,,,,,,,,,,,,,,,,,,,,,,,,,,0Cm,7|1|0,,,,,,,,,,,,,,,,,,,,,,,,,,,,,,,,,,,,,,,,,91.44Cm,8|1|0,,,,,,,,,,,,,
Arte Wallpaper Fraction,arte-wallpaper-fraction,,999517509,"Made of real mica flakes*. The sheets with the mica flakes are hand-dyed, after which large, irregular shapes are punched through them. These are carefully inlaid into a repetitive pattern. The pattern is a modern interpretation of the colourful, classic terrazzo floors.","<h1>Care Code</h1><p><img align=""baseline"" alt=""imageedit 1 8057904090"" height=""135"" src=""https://inspiry.co.nz/wp-content/uploads/2020/09/https://inspiry.co.nz/wp-content/uploads/2020/09/imageedit_1_8057904090.png"" title=""imageedit 1 8057904090"" width=""133"" /></p><h1>Care CodeGuide</h1><p><span style=""font-size: 1em;"">Careful and regular maintenance is the key to prolonging the life and retaining the appearance of soft furnishings. The following notes are offered as a brief guide on the care and cleaning of wallpaper.<br /><br />Please click </span><strong style=""font-size: 1em;""><a href=""https://inspiry.co.nz/wp-content/uploads/2020/09/Inspiry-Wallpaper-Care-Guide.pdf""><span style=""color:#ff0033;"">here</span><span style=""color:#696969;""> </span></a></strong><span style=""font-size: 1em;"">to download.</span>",publish,,0,10/03/22 15:00,1049,open,UF-40360-P,,,no,no,,550,,1.3,60,8.5,60,,instock,no,no,,no,taxable,,,no,,,,,,,,https://inspiry.co.nz/wp-content/uploads/2022/03/UF-40360-6.jpg ! alt : Arte Wallpaper Fraction  ! title : Arte Wallpaper Fraction  1 ! desc :  ! caption :  | https://inspiry.co.nz/wp-content/uploads/2022/03/UF-40360-1-3.jpg ! alt : Arte Wallpaper Fraction  ! title : Arte Wallpaper Fraction  2 ! desc :  ! caption :  | https://inspiry.co.nz/wp-content/uploads/2022/03/UF-40360-2-3.jpg ! alt : Arte Wallpaper Fraction  ! title : Arte Wallpaper Fraction  3 ! desc :  ! caption :  | https://inspiry.co.nz/wp-content/uploads/2022/03/UF-40360-3-3.jpg ! alt : Arte Wallpaper Fraction  ! title : Arte Wallpaper Fraction  4 ! desc :  ! caption : ,,https://inspiry.co.nz/products/arte-wallpaper-fraction/,,,,,,,,,,,,variable,exclude_from_catalog|exclude_from_search,Wallpaper,,Free Shipping,,,,,,yes,,2022-03-12T17:07:50+00:00,,0,,,,,,,,,,,,,,,,,,,,,,,,,,,,,,,,,,,,,,,,,,,,,,,,,,,,,,,,,,,,,,,,,,,,,,,,,,,,,,,,,,,,,,,,,,,,,,Due in 5-7 Days.Order Now!,11|1|0,,,,,,,,,,,,,,,,,,,,,,,,,,,,,,,,,,,,,,Arte Wallpaper,0|1|0,,,,,,,,,,,,,,,,,,,,,,,,,,,,,,,,,,,,,,,,,Artisan,1|1|0,,,,,40360|40361|40362,2|1|1,,,,,,,,,,,,,,Non Woven Paste the Wall,5|1|0,,,,,,,,,,,,,,,,,,,,,,,,,,,,,,,,,,,,,,,,,Due in 5-7 Days.Order Now!,12|1|0,,,,,,,,,,,Modern Contemporary,3|1|0,,,,,,,,,,,,,,,,,,,,,,,,,,,,,,,,,,,,,,,,,,,,,,,,,,,,,,,,,,,,,,,,,,,,,,,,,,,,,,,,,,,,,,,,,,,,,,,,,,,,,,,,,,,,,,,,,,,,,,,,,,,,,,,,,,,,,,,,,,,,,,,,,,,,,,,,,,,,,,,,,,,,,,,,,,,,,,,,,,,,,,,,,,,,,,,,,,,,,,,,,,,Straight Match,6|1|0,,,,,,,,,,,,,,,,,,,,,,,,,,,,,,,,,,,,,,,,,Belgium,10|1|0,,,,,,,,,,,Motif,4|1|0,,,,,,,,,,,,,,,,,,,,,,,,,,,,,,,,,,,,,,,,,,,,,,,,,,,,,,,,,,,,,,,,,,,,,,,,,,,,,,,,,,,,,,,,,,,,,,,,,,,,,,,,,,,,,,,,,,,,,,,,,,,,,,,,Metre,9|1|0,,,,,,,,,,,,,,,,,,,,,,,,,,,,,,,,,,,,,,,,,,,,,,,,,,,,,,,,,,,,,,,,,,,,,,,,,,,,,,,,91.44Cm,7|1|0,,,,,,,,,,,,,,,,,,,,,,,,,,,,,,,,,,,,,,,,,91.44Cm,8|1|0,,,,,,,,,,,,,
Arte Wallpaper Lignes,arte-wallpaper-lignes,,999517514,"Lignes√Ç¬¨√¢‚Ç¨¬†is the second plain in the collection. By weaving lighter and darker threads together, horizontal stripes are created that give the illusion of depth. Here, too, you can instantly recognise the typical irregularities of the natural linen thread.","<h1>Care Code</h1><p><img align=""baseline"" alt=""imageedit 3 5946527801"" height=""137"" src=""https://inspiry.co.nz/wp-content/uploads/2020/09/imageedit_3_5946527801.png"" title=""imageedit 3 5946527801"" width=""130"" /></p><h1>Care CodeGuide</h1><p><span style=""font-size: 1em;"">Careful and regular maintenance is the key to prolonging the life and retaining the appearance of soft furnishings. The following notes are offered as a brief guide on the care and cleaning of wallpaper.<br /><br />Please click </span><strong style=""font-size: 1em;""><a href=""https://inspiry.co.nz/wp-content/uploads/2020/09/Inspiry-Wallpaper-Care-Guide.pdf""><span style=""color:#ff0033;"">here</span><span style=""color:#696969;""> </span></a></strong><span style=""font-size: 1em;"">to download.</span>",publish,,0,10/03/22 15:00,1049,open,UF-40500-P,,,no,no,,633,,1.3,60,8.5,60,,instock,no,no,,no,taxable,,,no,,,,,,,,https://inspiry.co.nz/wp-content/uploads/2022/03/UF-40500-5.jpg ! alt : Arte Wallpaper Lignes  ! title : Arte Wallpaper Lignes  1 ! desc :  ! caption :  | https://inspiry.co.nz/wp-content/uploads/2022/03/UF-40500-1-3.jpg ! alt : Arte Wallpaper Lignes  ! title : Arte Wallpaper Lignes  2 ! desc :  ! caption :  | https://inspiry.co.nz/wp-content/uploads/2022/03/UF-40500-2-3.jpg ! alt : Arte Wallpaper Lignes  ! title : Arte Wallpaper Lignes  3 ! desc :  ! caption : ,,https://inspiry.co.nz/products/arte-wallpaper-lignes/,,,,,,,,,,,,variable,exclude_from_catalog|exclude_from_search,Wallpaper,,Free Shipping,,,,,,yes,,2022-03-12T17:07:55+00:00,,0,,,,,,,,,,,,,,,,,,,,,,,,,,,,,,,,,,,,,,,,,,,,,,,,,,,,,,,,,,,,,,,,,,,,,,,,,,,,,,,,,,,,,,,,,,,,,,Due in 5-7 Days.Order Now!,12|1|0,,,,,,,,,,,,,,,,,,,,,,,,,,,,,,,,,,,,,,Arte Wallpaper,0|1|0,,,,,,,,,,,,,,,,,,,,,,,,,,,,,,,,,,,,,,,,,Lino,1|1|0,,,,,40500|40501|40502|40503|40504|40505|40506|40507|40508|40509|40510|40511|40512|40513,2|1|1,,,,,,,,,,,,,,Back:100% Paper Front -100% Vinyl,5|1|0,,,,,,,,,,,,,,,,,,,,,,,,,,,,,,,,,,,,,,,,,Due in 5-7 Days.Order Now!,13|1|0,,,,,,,,,,,Modern Contemporary,3|1|0,,,,,,,,,,,,,,,,,,,,,,,,,,,,,,,,,,,,,,,,,,,,,,,,,,,,,,,,,,,,,,,,,,,,,,,,,,,,,,,,,,,,,,,,,,,,,,,,,,,,,,,,,,,,,,,,,,,,,,,,,,,,,,,,,,,,,,,,,,,,,,,,,,,,,,,,,,,,,,,,,,,,,,,,,,,,,,,,,,,,,,,,,,,,,,,,,,,,,,,,,,,Free Match,6|1|0,,,,,,,,,,,,,,,,,,,,,,,,,,,,,,,,,,,,,,,,,Belgium,11|1|0,,,,,,,,,,,Texture,4|1|0,,,,,,,,,,,,,,,,,,,,,,,,,,,,,,,,,,,,,,,,,,,,,,,,,,,,,,,,,,,,,,,,,10.05 Metre,9|1|0,,,,,,,,,,,,,,,,,,,,,,,,,,,,,,,,,,,,,,,,,,,,,,,,,,,,,,,,,,,,,,Roll,10|1|0,,,,,,,,,,,,,,,,,,,,,,,,,,,,,,,,,,,,,,,,,,,,,,,,,,,,,,,,,,,,,,,,,,,,,,,,,,,,,,,,91Cm,7|1|0,,,,,,,,,,,,,,,,,,,,,,,,,,,,,,,,,,,,,,,,,100Cm,8|1|0,,,,,,,,,,,,,
Arte Wallpaper Gioco,arte-wallpaper-gioco,,999517518,"Gioco is a flawless reflection of the structure of fine linen, including the irregularities woven into it. From far away, it has a smooth, uniform look, but once you get closer, you can see every linen thread. The colour palette remains faithful to the natural colour of the original base material.","<h1>Care Code</h1><p><img align=""baseline"" alt=""imageedit 3 5946527801"" height=""137"" src=""https://inspiry.co.nz/wp-content/uploads/2020/09/imageedit_3_5946527801.png"" title=""imageedit 3 5946527801"" width=""130"" /></p><h1>Care CodeGuide</h1><p><span style=""font-size: 1em;"">Careful and regular maintenance is the key to prolonging the life and retaining the appearance of soft furnishings. The following notes are offered as a brief guide on the care and cleaning of wallpaper.<br /><br />Please click </span><strong style=""font-size: 1em;""><a href=""https://inspiry.co.nz/wp-content/uploads/2020/09/Inspiry-Wallpaper-Care-Guide.pdf""><span style=""color:#ff0033;"">here</span><span style=""color:#696969;""> </span></a></strong><span style=""font-size: 1em;"">to download.</span>",publish,,0,10/03/22 15:00,1049,open,UF-40520-P,,,no,no,,633,,1.3,60,8.5,60,,instock,no,no,,no,taxable,,,no,,,,,,,,https://inspiry.co.nz/wp-content/uploads/2022/03/UF-40520-5.jpg ! alt : Arte Wallpaper Gioco  ! title : Arte Wallpaper Gioco  1 ! desc :  ! caption :  | https://inspiry.co.nz/wp-content/uploads/2022/03/UF-40520-1-3.jpg ! alt : Arte Wallpaper Gioco  ! title : Arte Wallpaper Gioco  2 ! desc :  ! caption :  | https://inspiry.co.nz/wp-content/uploads/2022/03/UF-40520-2-3.jpg ! alt : Arte Wallpaper Gioco  ! title : Arte Wallpaper Gioco  3 ! desc :  ! caption : ,,https://inspiry.co.nz/products/arte-wallpaper-gioco/,,,,,,,,,,,,variable,exclude_from_catalog|exclude_from_search,Wallpaper,,Free Shipping,,,,,,yes,,2022-03-12T17:08:01+00:00,,0,,,,,,,,,,,,,,,,,,,,,,,,,,,,,,,,,,,,,,,,,,,,,,,,,,,,,,,,,,,,,,,,,,,,,,,,,,,,,,,,,,,,,,,,,,,,,,Due in 5-7 Days.Order Now!,12|1|0,,,,,,,,,,,,,,,,,,,,,,,,,,,,,,,,,,,,,,Arte Wallpaper,0|1|0,,,,,,,,,,,,,,,,,,,,,,,,,,,,,,,,,,,,,,,,,Lino,1|1|0,,,,,40520|40521|40522|40523|40524|40525|40526|40527|40528|40529|40530|40531|40532|40533|40534|40535|40536,2|1|1,,,,,,,,,,,,,,Back:100% Paper Front -100% Vinyl,5|1|0,,,,,,,,,,,,,,,,,,,,,,,,,,,,,,,,,,,,,,,,,Due in 5-7 Days.Order Now!,13|1|0,,,,,,,,,,,Modern Contemporary,3|1|0,,,,,,,,,,,,,,,,,,,,,,,,,,,,,,,,,,,,,,,,,,,,,,,,,,,,,,,,,,,,,,,,,,,,,,,,,,,,,,,,,,,,,,,,,,,,,,,,,,,,,,,,,,,,,,,,,,,,,,,,,,,,,,,,,,,,,,,,,,,,,,,,,,,,,,,,,,,,,,,,,,,,,,,,,,,,,,,,,,,,,,,,,,,,,,,,,,,,,,,,,,,Free Match,6|1|0,,,,,,,,,,,,,,,,,,,,,,,,,,,,,,,,,,,,,,,,,Belgium,11|1|0,,,,,,,,,,,Texture,4|1|0,,,,,,,,,,,,,,,,,,,,,,,,,,,,,,,,,,,,,,,,,,,,,,,,,,,,,,,,,,,,,,,,,10.05 Metre,9|1|0,,,,,,,,,,,,,,,,,,,,,,,,,,,,,,,,,,,,,,,,,,,,,,,,,,,,,,,,,,,,,,Roll,10|1|0,,,,,,,,,,,,,,,,,,,,,,,,,,,,,,,,,,,,,,,,,,,,,,,,,,,,,,,,,,,,,,,,,,,,,,,,,,,,,,,,0Cm,7|1|0,,,,,,,,,,,,,,,,,,,,,,,,,,,,,,,,,,,,,,,,,100Cm,8|1|0,,,,,,,,,,,,,
Arte Wallpaper Aspero,arte-wallpaper-aspero,,999517522,"Aspero, the third variant in the Lino collection, has a more outspoken, thicker weave, but still undoubtedly maintains an authentic linen structure. A lively effect is created by combining subtle colour gradations. When used on a wall, it instantly creates a warm, cosy feeling in the home.","<h1>Care Code</h1><p><img align=""baseline"" alt=""imageedit 3 5946527801"" height=""137"" src=""https://inspiry.co.nz/wp-content/uploads/2020/09/imageedit_3_5946527801.png"" title=""imageedit 3 5946527801"" width=""130"" /></p><h1>Care CodeGuide</h1><p><span style=""font-size: 1em;"">Careful and regular maintenance is the key to prolonging the life and retaining the appearance of soft furnishings. The following notes are offered as a brief guide on the care and cleaning of wallpaper.<br /><br />Please click </span><strong style=""font-size: 1em;""><a href=""https://inspiry.co.nz/wp-content/uploads/2020/09/Inspiry-Wallpaper-Care-Guide.pdf""><span style=""color:#ff0033;"">here</span><span style=""color:#696969;""> </span></a></strong><span style=""font-size: 1em;"">to download.</span>",publish,,0,10/03/22 15:01,1049,open,UF-40540-P,,,no,no,,633,,1.3,60,8.5,60,,instock,no,no,,no,taxable,,,no,,,,,,,,https://inspiry.co.nz/wp-content/uploads/2022/03/UF-40540-5.jpg ! alt : Arte Wallpaper Aspero  ! title : Arte Wallpaper Aspero  1 ! desc :  ! caption :  | https://inspiry.co.nz/wp-content/uploads/2022/03/UF-40540-1-3.jpg ! alt : Arte Wallpaper Aspero  ! title : Arte Wallpaper Aspero  2 ! desc :  ! caption :  | https://inspiry.co.nz/wp-content/uploads/2022/03/UF-40540-2-3.jpg ! alt : Arte Wallpaper Aspero  ! title : Arte Wallpaper Aspero  3 ! desc :  ! caption : ,,https://inspiry.co.nz/products/arte-wallpaper-aspero/,,,,,,,,,,,,variable,exclude_from_catalog|exclude_from_search,Wallpaper,,Free Shipping,,,,,,yes,,2022-03-12T17:08:06+00:00,,0,,,,,,,,,,,,,,,,,,,,,,,,,,,,,,,,,,,,,,,,,,,,,,,,,,,,,,,,,,,,,,,,,,,,,,,,,,,,,,,,,,,,,,,,,,,,,,Due in 5-7 Days.Order Now!,12|1|0,,,,,,,,,,,,,,,,,,,,,,,,,,,,,,,,,,,,,,Arte Wallpaper,0|1|0,,,,,,,,,,,,,,,,,,,,,,,,,,,,,,,,,,,,,,,,,Lino,1|1|0,,,,,40540|40541|40542|40543|40544|40545|40546|40547|40548|40549,2|1|1,,,,,,,,,,,,,,Back:100% Paper Front -100% Vinyl,5|1|0,,,,,,,,,,,,,,,,,,,,,,,,,,,,,,,,,,,,,,,,,Due in 5-7 Days.Order Now!,13|1|0,,,,,,,,,,,Modern Contemporary,3|1|0,,,,,,,,,,,,,,,,,,,,,,,,,,,,,,,,,,,,,,,,,,,,,,,,,,,,,,,,,,,,,,,,,,,,,,,,,,,,,,,,,,,,,,,,,,,,,,,,,,,,,,,,,,,,,,,,,,,,,,,,,,,,,,,,,,,,,,,,,,,,,,,,,,,,,,,,,,,,,,,,,,,,,,,,,,,,,,,,,,,,,,,,,,,,,,,,,,,,,,,,,,,Free Match,6|1|0,,,,,,,,,,,,,,,,,,,,,,,,,,,,,,,,,,,,,,,,,Belgium,11|1|0,,,,,,,,,,,Texture,4|1|0,,,,,,,,,,,,,,,,,,,,,,,,,,,,,,,,,,,,,,,,,,,,,,,,,,,,,,,,,,,,,,,,,10.05 Metre,9|1|0,,,,,,,,,,,,,,,,,,,,,,,,,,,,,,,,,,,,,,,,,,,,,,,,,,,,,,,,,,,,,,Roll,10|1|0,,,,,,,,,,,,,,,,,,,,,,,,,,,,,,,,,,,,,,,,,,,,,,,,,,,,,,,,,,,,,,,,,,,,,,,,,,,,,,,,91Cm,7|1|0,,,,,,,,,,,,,,,,,,,,,,,,,,,,,,,,,,,,,,,,,100Cm,8|1|0,,,,,,,,,,,,,
Arte Wallpaper Craft,arte-wallpaper-craft,,999517526,"Craft simulates the timeless look of authentic sisal. For this plain wallpaper, several varieties of finely-woven sisal were studied. Using a high-quality screen printing technique, they were able to make this design with the realistic look of natural sisal. Craft is guaranteed to always reproduce an extremely even and restful weave, without detracting from the sophisticated appearance of woven sisal. The panelling effect, characteristic of authentic sisal wallpaper, is balanced nicely by means of the controlled production process.√Ç¬¨√¢‚Ç¨¬†","<h1>Care Code</h1><p><img align=""baseline"" alt=""imageedit 5 2242489781"" height=""133"" src=""https://inspiry.co.nz/wp-content/uploads/2020/09/imageedit_5_2242489781.png"" title=""imageedit 5 2242489781"" width=""127"" /></p><h1>Care CodeGuide</h1><p><span style=""font-size: 1em;"">Careful and regular maintenance is the key to prolonging the life and retaining the appearance of soft furnishings. The following notes are offered as a brief guide on the care and cleaning of wallpaper.<br /><br />Please click </span><strong style=""font-size: 1em;""><a href=""https://inspiry.co.nz/wp-content/uploads/2020/09/Inspiry-Wallpaper-Care-Guide.pdf""><span style=""color:#ff0033;"">here</span><span style=""color:#696969;""> </span></a></strong><span style=""font-size: 1em;"">to download.</span>",publish,,0,10/03/22 15:01,1049,open,UF-48500-P,,,no,no,,106,,1.3,60,8.5,60,,instock,no,no,,no,taxable,,,no,,,,,,,,https://inspiry.co.nz/wp-content/uploads/2022/03/UF-48500-6.jpg ! alt : Arte Wallpaper Craft  ! title : Arte Wallpaper Craft  1 ! desc :  ! caption :  | https://inspiry.co.nz/wp-content/uploads/2022/03/UF-48500-1-3.jpg ! alt : Arte Wallpaper Craft  ! title : Arte Wallpaper Craft  2 ! desc :  ! caption :  | https://inspiry.co.nz/wp-content/uploads/2022/03/UF-48500-2-3.jpg ! alt : Arte Wallpaper Craft  ! title : Arte Wallpaper Craft  3 ! desc :  ! caption :  | https://inspiry.co.nz/wp-content/uploads/2022/03/UF-48500-3-3.jpg ! alt : Arte Wallpaper Craft  ! title : Arte Wallpaper Craft  4 ! desc :  ! caption : ,,https://inspiry.co.nz/products/arte-wallpaper-craft/,,,,,,,,,,,,variable,exclude_from_catalog|exclude_from_search,Wallpaper,,Free Shipping,,,,,,yes,,2022-03-12T17:08:15+00:00,,0,,,,,,,,,,,,,,,,,,,,,,,,,,,,,,,,,,,,,,,,,,,,,,,,,,,,,,,,,,,,,,,,,,,,,,,,,,,,,,,,,,,,,,,,,,,,,,Due in 5-7 Days.Order Now!,10|1|0,,,,,,,,,,,,,,,,,,,,,,,,,,,,,,,,,,,,,,Arte Wallpaper,0|1|0,,,,,,,,,,,,,,,,,,,,,,,,,,,,,,,,,,,,,,,,,Cantala,1|1|0,,,,,48500|48501|48502|48503|48504|48505|48506|48507|48508|48509|48510|48511|48512|48513|48514|48515|48516|48517|48518|48519|48520,2|1|1,,,,,,,,,,,,,,100% Non Woven,5|1|0,,,,,,,,,,,,,,,,,,,,,,,,,,,,,,,,,,,,,,,,,Due in 5-7 Days.Order Now!,11|1|0,,,,,,,,,,,Modern Contemporary,3|1|0,,,,,,,,,,,,,,,,,,,,,,,,,,,,,,,,,,,,,,,,,,,,,,,,,,,,,,,,,,,,,,,,,,,,,,,,,,,,,,,,,,,,,,,,,,,,,,,,,,,,,,,,,,,,,,,,,,,,,,,,,,,,,,,,,,,,,,,,,,,,,,,,,,,,,,,,,,,,,,,,,,,,,,,,,,,,,,,,,,,,,,,,,,,,,,,,,,,,,,,,,,,Free Match,6|1|0,,,,,,,,,,,,,,,,,,,,,,,,,,,,,,,,,,,,,,,,,Belgium,9|1|0,,,,,,,,,,,Plain,4|1|0,,,,,,,,,,,,,,,,,,,,,,,,,,,,,,,,,,,,,,,,,,,,,,,,,,,,,,,,,,,,,,,,,,,,,,,,,,,,,,,,,,,,,,,,,,,,,,,,,,,,,,,,,,,,,,,,,,,,,,,,,,,,,,,,,,,,,,,,,,,,,,,,,,,,,,,,,,,,,,,,,,,,,,,,,,,,,,,,,,,,,,,,,,,,,,,,,,,,,,,,,,,,,,,,,0Cm,7|1|0,,,,,,,,,,,,,,,,,,,,,,,,,,,,,,,,,,,,,,,,,90Cm,8|1|0,,,,,,,,,,,,,
Arte Wallpaper Combo,arte-wallpaper-combo,,999517531,"Combo, a design made on the plain with natural sisal look. It is inspired by the rapidly-growing trend of furniture and decoration with elegant, glowing lines and pronounced round shapes. The circles contrast beautifully with the subtle, geometric grid pattern. This wallpaper has the timeless look of authentic sisal.","<h1>Care Code</h1><p><img align=""baseline"" alt=""imageedit 5 2242489781"" height=""133"" src=""https://inspiry.co.nz/wp-content/uploads/2020/09/imageedit_5_2242489781.png"" title=""imageedit 5 2242489781"" width=""127"" /></p><h1>Care CodeGuide</h1><p><span style=""font-size: 1em;"">Careful and regular maintenance is the key to prolonging the life and retaining the appearance of soft furnishings. The following notes are offered as a brief guide on the care and cleaning of wallpaper.<br /><br />Please click </span><strong style=""font-size: 1em;""><a href=""https://inspiry.co.nz/wp-content/uploads/2020/09/Inspiry-Wallpaper-Care-Guide.pdf""><span style=""color:#ff0033;"">here</span><span style=""color:#696969;""> </span></a></strong><span style=""font-size: 1em;"">to download.</span>",publish,,0,10/03/22 15:01,1049,open,UF-48530-P,,,no,no,,136,,1.3,60,8.5,60,,instock,no,no,,no,taxable,,,no,,,,,,,,https://inspiry.co.nz/wp-content/uploads/2022/03/UF-48530-6.jpg ! alt : Arte Wallpaper Combo  ! title : Arte Wallpaper Combo  1 ! desc :  ! caption :  | https://inspiry.co.nz/wp-content/uploads/2022/03/UF-48530-1-3.jpg ! alt : Arte Wallpaper Combo  ! title : Arte Wallpaper Combo  2 ! desc :  ! caption :  | https://inspiry.co.nz/wp-content/uploads/2022/03/UF-48530-2-3.jpg ! alt : Arte Wallpaper Combo  ! title : Arte Wallpaper Combo  3 ! desc :  ! caption :  | https://inspiry.co.nz/wp-content/uploads/2022/03/UF-48530-3-3.jpg ! alt : Arte Wallpaper Combo  ! title : Arte Wallpaper Combo  4 ! desc :  ! caption : ,,https://inspiry.co.nz/products/arte-wallpaper-combo/,,,,,,,,,,,,variable,exclude_from_catalog|exclude_from_search,Wallpaper,,Free Shipping,,,,,,yes,,2022-03-12T17:08:17+00:00,,0,,,,,,,,,,,,,,,,,,,,,,,,,,,,,,,,,,,,,,,,,,,,,,,,,,,,,,,,,,,,,,,,,,,,,,,,,,,,,,,,,,,,,,,,,,,,,,Due in 5-7 Days.Order Now!,10|1|0,,,,,,,,,,,,,,,,,,,,,,,,,,,,,,,,,,,,,,Arte Wallpaper,0|1|0,,,,,,,,,,,,,,,,,,,,,,,,,,,,,,,,,,,,,,,,,Cantala,1|1|0,,,,,48530|48531|48532|48533|48534,2|1|1,,,,,,,,,,,,,,100% Non Woven,5|1|0,,,,,,,,,,,,,,,,,,,,,,,,,,,,,,,,,,,,,,,,,Due in 5-7 Days.Order Now!,11|1|0,,,,,,,,,,,Modern Contemporary,3|1|0,,,,,,,,,,,,,,,,,,,,,,,,,,,,,,,,,,,,,,,,,,,,,,,,,,,,,,,,,,,,,,,,,,,,,,,,,,,,,,,,,,,,,,,,,,,,,,,,,,,,,,,,,,,,,,,,,,,,,,,,,,,,,,,,,,,,,,,,,,,,,,,,,,,,,,,,,,,,,,,,,,,,,,,,,,,,,,,,,,,,,,,,,,,,,,,,,,,,,,,,,,,Drop Match,6|1|0,,,,,,,,,,,,,,,,,,,,,,,,,,,,,,,,,,,,,,,,,Belgium,9|1|0,,,,,,,,,,,Motif,4|1|0,,,,,,,,,,,,,,,,,,,,,,,,,,,,,,,,,,,,,,,,,,,,,,,,,,,,,,,,,,,,,,,,,,,,,,,,,,,,,,,,,,,,,,,,,,,,,,,,,,,,,,,,,,,,,,,,,,,,,,,,,,,,,,,,,,,,,,,,,,,,,,,,,,,,,,,,,,,,,,,,,,,,,,,,,,,,,,,,,,,,,,,,,,,,,,,,,,,,,,,,,,,,,,,,,64Cm / 32Cm,7|1|0,,,,,,,,,,,,,,,,,,,,,,,,,,,,,,,,,,,,,,,,,90Cm,8|1|0,,,,,,,,,,,,,
Arte Wallpaper String,arte-wallpaper-string,,999517536,"String is printed on the plain with timeless natural sisal look. The geometry and the large pattern make String a design with tremendous impact. A shadow effect is created at the transition of the various colours, giving the pattern greater depth.","<h1>Care Code</h1><p><img align=""baseline"" alt=""imageedit 5 2242489781"" height=""133"" src=""https://inspiry.co.nz/wp-content/uploads/2020/09/imageedit_5_2242489781.png"" title=""imageedit 5 2242489781"" width=""127"" /></p><h1>Care CodeGuide</h1><p><span style=""font-size: 1em;"">Careful and regular maintenance is the key to prolonging the life and retaining the appearance of soft furnishings. The following notes are offered as a brief guide on the care and cleaning of wallpaper.<br /><br />Please click </span><strong style=""font-size: 1em;""><a href=""https://inspiry.co.nz/wp-content/uploads/2020/09/Inspiry-Wallpaper-Care-Guide.pdf""><span style=""color:#ff0033;"">here</span><span style=""color:#696969;""> </span></a></strong><span style=""font-size: 1em;"">to download.</span>",publish,,0,10/03/22 15:01,1049,open,UF-48540-P,,,no,no,,136,,1.3,60,8.5,60,,instock,no,no,,no,taxable,,,no,,,,,,,,https://inspiry.co.nz/wp-content/uploads/2022/03/UF-48540-6.jpg ! alt : Arte Wallpaper String  ! title : Arte Wallpaper String  1 ! desc :  ! caption :  | https://inspiry.co.nz/wp-content/uploads/2022/03/UF-48540-1-3.jpg ! alt : Arte Wallpaper String  ! title : Arte Wallpaper String  2 ! desc :  ! caption :  | https://inspiry.co.nz/wp-content/uploads/2022/03/UF-48540-2-3.jpg ! alt : Arte Wallpaper String  ! title : Arte Wallpaper String  3 ! desc :  ! caption :  | https://inspiry.co.nz/wp-content/uploads/2022/03/UF-48540-3-3.jpg ! alt : Arte Wallpaper String  ! title : Arte Wallpaper String  4 ! desc :  ! caption : ,,https://inspiry.co.nz/products/arte-wallpaper-string/,,,,,,,,,,,,variable,exclude_from_catalog|exclude_from_search,Wallpaper,,Free Shipping,,,,,,yes,,2022-03-12T17:08:19+00:00,,0,,,,,,,,,,,,,,,,,,,,,,,,,,,,,,,,,,,,,,,,,,,,,,,,,,,,,,,,,,,,,,,,,,,,,,,,,,,,,,,,,,,,,,,,,,,,,,Due in 5-7 Days.Order Now!,10|1|0,,,,,,,,,,,,,,,,,,,,,,,,,,,,,,,,,,,,,,Arte Wallpaper,0|1|0,,,,,,,,,,,,,,,,,,,,,,,,,,,,,,,,,,,,,,,,,Cantala,1|1|0,,,,,48540|48541|48542|48543|48544|48545,2|1|1,,,,,,,,,,,,,,100% Non Woven,5|1|0,,,,,,,,,,,,,,,,,,,,,,,,,,,,,,,,,,,,,,,,,Due in 5-7 Days.Order Now!,11|1|0,,,,,,,,,,,Modern Contemporary,3|1|0,,,,,,,,,,,,,,,,,,,,,,,,,,,,,,,,,,,,,,,,,,,,,,,,,,,,,,,,,,,,,,,,,,,,,,,,,,,,,,,,,,,,,,,,,,,,,,,,,,,,,,,,,,,,,,,,,,,,,,,,,,,,,,,,,,,,,,,,,,,,,,,,,,,,,,,,,,,,,,,,,,,,,,,,,,,,,,,,,,,,,,,,,,,,,,,,,,,,,,,,,,,Straight Match,6|1|0,,,,,,,,,,,,,,,,,,,,,,,,,,,,,,,,,,,,,,,,,Belgium,9|1|0,,,,,,,,,,,Motif,4|1|0,,,,,,,,,,,,,,,,,,,,,,,,,,,,,,,,,,,,,,,,,,,,,,,,,,,,,,,,,,,,,,,,,,,,,,,,,,,,,,,,,,,,,,,,,,,,,,,,,,,,,,,,,,,,,,,,,,,,,,,,,,,,,,,,,,,,,,,,,,,,,,,,,,,,,,,,,,,,,,,,,,,,,,,,,,,,,,,,,,,,,,,,,,,,,,,,,,,,,,,,,,,,,,,,,64Cm,7|1|0,,,,,,,,,,,,,,,,,,,,,,,,,,,,,,,,,,,,,,,,,90Cm,8|1|0,,,,,,,,,,,,,
Arte Wallpaper Papyrus,arte-wallpaper-papyrus,,999517541,"Papyrus. A traditionally-made wallpaper with hand-folded paper as an eyecatcher. The paper is patinated with metallic ink and cut into small strips. These strips are woven with a hand loom. So there is no repeated pattern, making every piece genuinely unique. This wallpaper is handcrafted from paper.","<h1>Care Code</h1><p><img align=""baseline"" alt=""imageedit 1 8057904090"" height=""135"" src=""https://inspiry.co.nz/wp-content/uploads/2020/09/https://inspiry.co.nz/wp-content/uploads/2020/09/imageedit_1_8057904090.png"" title=""imageedit 1 8057904090"" width=""133"" /></p><h1>Care CodeGuide</h1><p><span style=""font-size: 1em;"">Careful and regular maintenance is the key to prolonging the life and retaining the appearance of soft furnishings. The following notes are offered as a brief guide on the care and cleaning of wallpaper.<br /><br />Please click </span><strong style=""font-size: 1em;""><a href=""https://inspiry.co.nz/wp-content/uploads/2020/09/Inspiry-Wallpaper-Care-Guide.pdf""><span style=""color:#ff0033;"">here</span><span style=""color:#696969;""> </span></a></strong><span style=""font-size: 1em;"">to download.</span>",publish,,0,10/03/22 15:01,1049,open,UF-48550-P,,,no,no,,444,,1.3,60,8.5,60,,instock,no,no,,no,taxable,,,no,,,,,,,,https://inspiry.co.nz/wp-content/uploads/2022/03/UF-48550-6.jpg ! alt : Arte Wallpaper Papyrus  ! title : Arte Wallpaper Papyrus  1 ! desc :  ! caption :  | https://inspiry.co.nz/wp-content/uploads/2022/03/UF-48550-1-3.jpg ! alt : Arte Wallpaper Papyrus  ! title : Arte Wallpaper Papyrus  2 ! desc :  ! caption :  | https://inspiry.co.nz/wp-content/uploads/2022/03/UF-48550-2-3.jpg ! alt : Arte Wallpaper Papyrus  ! title : Arte Wallpaper Papyrus  3 ! desc :  ! caption :  | https://inspiry.co.nz/wp-content/uploads/2022/03/UF-48550-3-3.jpg ! alt : Arte Wallpaper Papyrus  ! title : Arte Wallpaper Papyrus  4 ! desc :  ! caption : ,,https://inspiry.co.nz/products/arte-wallpaper-papyrus/,,,,,,,,,,,,variable,exclude_from_catalog|exclude_from_search,Wallpaper,,Free Shipping,,,,,,yes,,2022-03-12T17:08:21+00:00,,0,,,,,,,,,,,,,,,,,,,,,,,,,,,,,,,,,,,,,,,,,,,,,,,,,,,,,,,,,,,,,,,,,,,,,,,,,,,,,,,,,,,,,,,,,,,,,,Due in 5-7 Days.Order Now!,10|1|0,,,,,,,,,,,,,,,,,,,,,,,,,,,,,,,,,,,,,,Arte Wallpaper,0|1|0,,,,,,,,,,,,,,,,,,,,,,,,,,,,,,,,,,,,,,,,,Cantala,1|1|0,,,,,48550|48551|48552|48553,2|1|1,,,,,,,,,,,,,,Back - 100% Paper Front -95% Paper 5% Nylon,5|1|0,,,,,,,,,,,,,,,,,,,,,,,,,,,,,,,,,,,,,,,,,Due in 5-7 Days.Order Now!,11|1|0,,,,,,,,,,,Modern Contemporary,3|1|0,,,,,,,,,,,,,,,,,,,,,,,,,,,,,,,,,,,,,,,,,,,,,,,,,,,,,,,,,,,,,,,,,,,,,,,,,,,,,,,,,,,,,,,,,,,,,,,,,,,,,,,,,,,,,,,,,,,,,,,,,,,,,,,,,,,,,,,,,,,,,,,,,,,,,,,,,,,,,,,,,,,,,,,,,,,,,,,,,,,,,,,,,,,,,,,,,,,,,,,,,,,Free Match,6|1|0,,,,,,,,,,,,,,,,,,,,,,,,,,,,,,,,,,,,,,,,,Belgium,9|1|0,,,,,,,,,,,Motif,4|1|0,,,,,,,,,,,,,,,,,,,,,,,,,,,,,,,,,,,,,,,,,,,,,,,,,,,,,,,,,,,,,,,,,,,,,,,,,,,,,,,,,,,,,,,,,,,,,,,,,,,,,,,,,,,,,,,,,,,,,,,,,,,,,,,,,,,,,,,,,,,,,,,,,,,,,,,,,,,,,,,,,,,,,,,,,,,,,,,,,,,,,,,,,,,,,,,,,,,,,,,,,,,,,,,,,0Cm,7|1|0,,,,,,,,,,,,,,,,,,,,,,,,,,,,,,,,,,,,,,,,,91.44Cm,8|1|0,,,,,,,,,,,,,
Arte Wallpaper Raphia,arte-wallpaper-raphia,,999517546,"Raphia. A combination of raffia and rough threads, woven irregularly to highlight its natural character. Both matte materials contrast beautifully with the metallic or lacquered background. This wallpaper is handcrafted from raffia.","<h1>Care Code</h1><p><img align=""baseline"" alt=""imageedit 1 8057904090"" height=""135"" src=""https://inspiry.co.nz/wp-content/uploads/2020/09/https://inspiry.co.nz/wp-content/uploads/2020/09/imageedit_1_8057904090.png"" title=""imageedit 1 8057904090"" width=""133"" /></p><h1>Care CodeGuide</h1><p><span style=""font-size: 1em;"">Careful and regular maintenance is the key to prolonging the life and retaining the appearance of soft furnishings. The following notes are offered as a brief guide on the care and cleaning of wallpaper.<br /><br />Please click </span><strong style=""font-size: 1em;""><a href=""https://inspiry.co.nz/wp-content/uploads/2020/09/Inspiry-Wallpaper-Care-Guide.pdf""><span style=""color:#ff0033;"">here</span><span style=""color:#696969;""> </span></a></strong><span style=""font-size: 1em;"">to download.</span>",publish,,0,10/03/22 15:01,1049,open,UF-48560-P,,,no,no,,446,,1.3,60,8.5,60,,instock,no,no,,no,taxable,,,no,,,,,,,,https://inspiry.co.nz/wp-content/uploads/2022/03/UF-48560-6.jpg ! alt : Arte Wallpaper Raphia  ! title : Arte Wallpaper Raphia  1 ! desc :  ! caption :  | https://inspiry.co.nz/wp-content/uploads/2022/03/UF-48560-1-3.jpg ! alt : Arte Wallpaper Raphia  ! title : Arte Wallpaper Raphia  2 ! desc :  ! caption :  | https://inspiry.co.nz/wp-content/uploads/2022/03/UF-48560-2-3.jpg ! alt : Arte Wallpaper Raphia  ! title : Arte Wallpaper Raphia  3 ! desc :  ! caption :  | https://inspiry.co.nz/wp-content/uploads/2022/03/UF-48560-3-3.jpg ! alt : Arte Wallpaper Raphia  ! title : Arte Wallpaper Raphia  4 ! desc :  ! caption : ,,https://inspiry.co.nz/products/arte-wallpaper-raphia/,,,,,,,,,,,,variable,exclude_from_catalog|exclude_from_search,Wallpaper,,Free Shipping,,,,,,yes,,2022-03-12T17:08:24+00:00,,0,,,,,,,,,,,,,,,,,,,,,,,,,,,,,,,,,,,,,,,,,,,,,,,,,,,,,,,,,,,,,,,,,,,,,,,,,,,,,,,,,,,,,,,,,,,,,,Due in 5-7 Days.Order Now!,10|1|0,,,,,,,,,,,,,,,,,,,,,,,,,,,,,,,,,,,,,,Arte Wallpaper,0|1|0,,,,,,,,,,,,,,,,,,,,,,,,,,,,,,,,,,,,,,,,,Cantala,1|1|0,,,,,48560|48561|48562|48563|48564,2|1|1,,,,,,,,,,,,,,Back - 100% Paper Front -50% Jute 50% Raffia,5|1|0,,,,,,,,,,,,,,,,,,,,,,,,,,,,,,,,,,,,,,,,,Due in 5-7 Days.Order Now!,11|1|0,,,,,,,,,,,Modern Contemporary,3|1|0,,,,,,,,,,,,,,,,,,,,,,,,,,,,,,,,,,,,,,,,,,,,,,,,,,,,,,,,,,,,,,,,,,,,,,,,,,,,,,,,,,,,,,,,,,,,,,,,,,,,,,,,,,,,,,,,,,,,,,,,,,,,,,,,,,,,,,,,,,,,,,,,,,,,,,,,,,,,,,,,,,,,,,,,,,,,,,,,,,,,,,,,,,,,,,,,,,,,,,,,,,,Free Match,6|1|0,,,,,,,,,,,,,,,,,,,,,,,,,,,,,,,,,,,,,,,,,Belgium,9|1|0,,,,,,,,,,,Motif,4|1|0,,,,,,,,,,,,,,,,,,,,,,,,,,,,,,,,,,,,,,,,,,,,,,,,,,,,,,,,,,,,,,,,,,,,,,,,,,,,,,,,,,,,,,,,,,,,,,,,,,,,,,,,,,,,,,,,,,,,,,,,,,,,,,,,,,,,,,,,,,,,,,,,,,,,,,,,,,,,,,,,,,,,,,,,,,,,,,,,,,,,,,,,,,,,,,,,,,,,,,,,,,,,,,,,,0Cm,7|1|0,,,,,,,,,,,,,,,,,,,,,,,,,,,,,,,,,,,,,,,,,91.44Cm,8|1|0,,,,,,,,,,,,,
Arte Wallpaper Latus,arte-wallpaper-latus,,999517551,"The plainest variant, a silk imitation that is in perfect harmony with the other references. Featuring the irregularities of natural silk, with a thicker or rougher thread from time to time, and the full, intense colours of real silk. We intentionally chose a silk imitation, printed on non-woven fabric, as this is colourfast and also far more durable.","<h1>Care Code</h1><p><img align=""baseline"" alt=""imageedit 5 2242489781"" height=""133"" src=""https://inspiry.co.nz/wp-content/uploads/2020/09/imageedit_5_2242489781.png"" title=""imageedit 5 2242489781"" width=""127"" /></p><h1>Care CodeGuide</h1><p><span style=""font-size: 1em;"">Careful and regular maintenance is the key to prolonging the life and retaining the appearance of soft furnishings. The following notes are offered as a brief guide on the care and cleaning of wallpaper.<br /><br />Please click </span><strong style=""font-size: 1em;""><a href=""https://inspiry.co.nz/wp-content/uploads/2020/09/Inspiry-Wallpaper-Care-Guide.pdf""><span style=""color:#ff0033;"">here</span><span style=""color:#696969;""> </span></a></strong><span style=""font-size: 1em;"">to download.</span>",publish,,0,10/03/22 15:01,1049,open,UF-50500-P,,,no,no,,120,,1.3,60,8.5,60,,instock,no,no,,no,taxable,,,no,,,,,,,,https://inspiry.co.nz/wp-content/uploads/2022/03/UF-50500-5.jpg ! alt : Arte Wallpaper Latus  ! title : Arte Wallpaper Latus  1 ! desc :  ! caption :  | https://inspiry.co.nz/wp-content/uploads/2022/03/UF-50500-1-3.jpg ! alt : Arte Wallpaper Latus  ! title : Arte Wallpaper Latus  2 ! desc :  ! caption :  | https://inspiry.co.nz/wp-content/uploads/2022/03/UF-50500-2-3.jpg ! alt : Arte Wallpaper Latus  ! title : Arte Wallpaper Latus  3 ! desc :  ! caption : ,,https://inspiry.co.nz/products/arte-wallpaper-latus/,,,,,,,,,,,,variable,exclude_from_catalog|exclude_from_search,Wallpaper,,Free Shipping,,,,,,yes,,2022-03-12T17:08:32+00:00,,0,,,,,,,,,,,,,,,,,,,,,,,,,,,,,,,,,,,,,,,,,,,,,,,,,,,,,,,,,,,,,,,,,,,,,,,,,,,,,,,,,,,,,,,,,,,,,,Due in 5-7 Days.Order Now!,10|1|0,,,,,,,,,,,,,,,,,,,,,,,,,,,,,,,,,,,,,,Arte Wallpaper,0|1|0,,,,,,,,,,,,,,,,,,,,,,,,,,,,,,,,,,,,,,,,,Paleo,1|1|0,,,,,50500|50501|50502|50503|50504|50505|50506|50507|50508|50509|50510|50511|50512|50513|50514|50515|50516|50517|50518|50519|50520,2|1|1,,,,,,,,,,,,,,Non Woven Paste the Wall,5|1|0,,,,,,,,,,,,,,,,,,,,,,,,,,,,,,,,,,,,,,,,,Due in 5-7 Days.Order Now!,11|1|0,,,,,,,,,,,Modern Contemporary,3|1|0,,,,,,,,,,,,,,,,,,,,,,,,,,,,,,,,,,,,,,,,,,,,,,,,,,,,,,,,,,,,,,,,,,,,,,,,,,,,,,,,,,,,,,,,,,,,,,,,,,,,,,,,,,,,,,,,,,,,,,,,,,,,,,,,,,,,,,,,,,,,,,,,,,,,,,,,,,,,,,,,,,,,,,,,,,,,,,,,,,,,,,,,,,,,,,,,,,,,,,,,,,,Free Match,6|1|0,,,,,,,,,,,,,,,,,,,,,,,,,,,,,,,,,,,,,,,,,Belgium,9|1|0,,,,,,,,,,,Plain,4|1|0,,,,,,,,,,,,,,,,,,,,,,,,,,,,,,,,,,,,,,,,,,,,,,,,,,,,,,,,,,,,,,,,,,,,,,,,,,,,,,,,,,,,,,,,,,,,,,,,,,,,,,,,,,,,,,,,,,,,,,,,,,,,,,,,,,,,,,,,,,,,,,,,,,,,,,,,,,,,,,,,,,,,,,,,,,,,,,,,,,,,,,,,,,,,,,,,,,,,,,,,,,,,,,,,,0Cm,7|1|0,,,,,,,,,,,,,,,,,,,,,,,,,,,,,,,,,,,,,,,,,90Cm,8|1|0,,,,,,,,,,,,,
Arte Wallpaper Tribu,arte-wallpaper-tribu,,999517557,"A combination of rustling imitation raffia and cotton, woven into a stunning motif. Tribu refers to the typical tribal patterns, familiar in Mexican fabrics. Rich and extrovert, without being excessive.","<h1>Care Code</h1><p><img align=""baseline"" alt=""imageedit 1 8057904090"" height=""135"" src=""https://inspiry.co.nz/wp-content/uploads/2020/09/https://inspiry.co.nz/wp-content/uploads/2020/09/imageedit_1_8057904090.png"" title=""imageedit 1 8057904090"" width=""133"" /></p><h1>Care CodeGuide</h1><p><span style=""font-size: 1em;"">Careful and regular maintenance is the key to prolonging the life and retaining the appearance of soft furnishings. The following notes are offered as a brief guide on the care and cleaning of wallpaper.<br /><br />Please click </span><strong style=""font-size: 1em;""><a href=""https://inspiry.co.nz/wp-content/uploads/2020/09/Inspiry-Wallpaper-Care-Guide.pdf""><span style=""color:#ff0033;"">here</span><span style=""color:#696969;""> </span></a></strong><span style=""font-size: 1em;"">to download.</span>",publish,,0,10/03/22 15:01,1049,open,UF-50530-P,,,no,no,,706,,1.3,60,8.5,60,,instock,no,no,,no,taxable,,,no,,,,,,,,https://inspiry.co.nz/wp-content/uploads/2022/03/UF-50530-5.jpg ! alt : Arte Wallpaper Tribu  ! title : Arte Wallpaper Tribu  1 ! desc :  ! caption :  | https://inspiry.co.nz/wp-content/uploads/2022/03/UF-50530-1-3.jpg ! alt : Arte Wallpaper Tribu  ! title : Arte Wallpaper Tribu  2 ! desc :  ! caption :  | https://inspiry.co.nz/wp-content/uploads/2022/03/UF-50530-2-3.jpg ! alt : Arte Wallpaper Tribu  ! title : Arte Wallpaper Tribu  3 ! desc :  ! caption : ,,https://inspiry.co.nz/products/arte-wallpaper-tribu/,,,,,,,,,,,,variable,exclude_from_catalog|exclude_from_search,Wallpaper,,Free Shipping,,,,,,yes,,2022-03-12T17:08:34+00:00,,0,,,,,,,,,,,,,,,,,,,,,,,,,,,,,,,,,,,,,,,,,,,,,,,,,,,,,,,,,,,,,,,,,,,,,,,,,,,,,,,,,,,,,,,,,,,,,,Due in 5-7 Days.Order Now!,10|1|0,,,,,,,,,,,,,,,,,,,,,,,,,,,,,,,,,,,,,,Arte Wallpaper,0|1|0,,,,,,,,,,,,,,,,,,,,,,,,,,,,,,,,,,,,,,,,,Paleo,1|1|0,,,,,50530|50531|50532,2|1|1,,,,,,,,,,,,,,"Back - Non-Woven, Paste The Wall Front -51% Polyamide 38% Cellulose Viscose 2% Cotton",5|1|0,,,,,,,,,,,,,,,,,,,,,,,,,,,,,,,,,,,,,,,,,Due in 5-7 Days.Order Now!,11|1|0,,,,,,,,,,,Modern Contemporary,3|1|0,,,,,,,,,,,,,,,,,,,,,,,,,,,,,,,,,,,,,,,,,,,,,,,,,,,,,,,,,,,,,,,,,,,,,,,,,,,,,,,,,,,,,,,,,,,,,,,,,,,,,,,,,,,,,,,,,,,,,,,,,,,,,,,,,,,,,,,,,,,,,,,,,,,,,,,,,,,,,,,,,,,,,,,,,,,,,,,,,,,,,,,,,,,,,,,,,,,,,,,,,,,Straight Match,6|1|0,,,,,,,,,,,,,,,,,,,,,,,,,,,,,,,,,,,,,,,,,Belgium,9|1|0,,,,,,,,,,,Motif,4|1|0,,,,,,,,,,,,,,,,,,,,,,,,,,,,,,,,,,,,,,,,,,,,,,,,,,,,,,,,,,,,,,,,,,,,,,,,,,,,,,,,,,,,,,,,,,,,,,,,,,,,,,,,,,,,,,,,,,,,,,,,,,,,,,,,,,,,,,,,,,,,,,,,,,,,,,,,,,,,,,,,,,,,,,,,,,,,,,,,,,,,,,,,,,,,,,,,,,,,,,,,,,,,,,,,,130Cm,7|1|0,,,,,,,,,,,,,,,,,,,,,,,,,,,,,,,,,,,,,,,,,90Cm,8|1|0,,,,,,,,,,,,,
Arte Wallpaper Copan,arte-wallpaper-copan,,999517561,"A combination of rustling imitation raffia and cotton, woven into a stunning motif. The Copan design reminds us of what is seen through a kaleidoscope: all kinds of wondrous, mandala-like patterns which can be changed by shaking the kaleidoscope.","<h1>Care Code</h1><p><img align=""baseline"" alt=""imageedit 1 8057904090"" height=""135"" src=""https://inspiry.co.nz/wp-content/uploads/2020/09/https://inspiry.co.nz/wp-content/uploads/2020/09/imageedit_1_8057904090.png"" title=""imageedit 1 8057904090"" width=""133"" /></p><h1>Care CodeGuide</h1><p><span style=""font-size: 1em;"">Careful and regular maintenance is the key to prolonging the life and retaining the appearance of soft furnishings. The following notes are offered as a brief guide on the care and cleaning of wallpaper.<br /><br />Please click </span><strong style=""font-size: 1em;""><a href=""https://inspiry.co.nz/wp-content/uploads/2020/09/Inspiry-Wallpaper-Care-Guide.pdf""><span style=""color:#ff0033;"">here</span><span style=""color:#696969;""> </span></a></strong><span style=""font-size: 1em;"">to download.</span>",publish,,0,10/03/22 15:01,1049,open,UF-50540-P,,,no,no,,706,,1.3,60,8.5,60,,instock,no,no,,no,taxable,,,no,,,,,,,,https://inspiry.co.nz/wp-content/uploads/2022/03/UF-50542-5.jpg ! alt : Arte Wallpaper Copan  ! title : Arte Wallpaper Copan  1 ! desc :  ! caption :  | https://inspiry.co.nz/wp-content/uploads/2022/03/UF-50542-1-3.jpg ! alt : Arte Wallpaper Copan  ! title : Arte Wallpaper Copan  2 ! desc :  ! caption :  | https://inspiry.co.nz/wp-content/uploads/2022/03/UF-50542-2-3.jpg ! alt : Arte Wallpaper Copan  ! title : Arte Wallpaper Copan  3 ! desc :  ! caption : ,,https://inspiry.co.nz/products/arte-wallpaper-copan/,,,,,,,,,,,,variable,exclude_from_catalog|exclude_from_search,Best Sellers|Wallpaper,,Free Shipping,,,,,,yes,,2022-03-12T17:08:35+00:00,,0,,,,,,,,,,,,,,,,,,,,,,,,,,,,,,,,,,,,,,,,,,,,,,,,,,,,,,,,,,,,,,,,,,,,,,,,,,,,,,,,,,,,,,,,,,,,,,Due in 5-7 Days.Order Now!,10|1|0,,,,,,,,,,,,,,,,,,,,,,,,,,,,,,,,,,,,,,Arte Wallpaper,0|1|0,,,,,,,,,,,,,,,,,,,,,,,,,,,,,,,,,,,,,,,,,Paleo,1|1|0,,,,,50540|50541|50542,2|1|1,,,,,,,,,,,,,,"Back - Non-Woven, Paste The Wall Front -51% Polyamide 38% Cellulose Viscose 2% Cotton",5|1|0,,,,,,,,,,,,,,,,,,,,,,,,,,,,,,,,,,,,,,,,,Due in 5-7 Days.Order Now!,11|1|0,,,,,,,,,,,Modern Contemporary,3|1|0,,,,,,,,,,,,,,,,,,,,,,,,,,,,,,,,,,,,,,,,,,,,,,,,,,,,,,,,,,,,,,,,,,,,,,,,,,,,,,,,,,,,,,,,,,,,,,,,,,,,,,,,,,,,,,,,,,,,,,,,,,,,,,,,,,,,,,,,,,,,,,,,,,,,,,,,,,,,,,,,,,,,,,,,,,,,,,,,,,,,,,,,,,,,,,,,,,,,,,,,,,,Straight Match,6|1|0,,,,,,,,,,,,,,,,,,,,,,,,,,,,,,,,,,,,,,,,,Belgium,9|1|0,,,,,,,,,,,Motif,4|1|0,,,,,,,,,,,,,,,,,,,,,,,,,,,,,,,,,,,,,,,,,,,,,,,,,,,,,,,,,,,,,,,,,,,,,,,,,,,,,,,,,,,,,,,,,,,,,,,,,,,,,,,,,,,,,,,,,,,,,,,,,,,,,,,,,,,,,,,,,,,,,,,,,,,,,,,,,,,,,,,,,,,,,,,,,,,,,,,,,,,,,,,,,,,,,,,,,,,,,,,,,,,,,,,,,84Cm,7|1|0,,,,,,,,,,,,,,,,,,,,,,,,,,,,,,,,,,,,,,,,,140Cm,8|1|0,,,,,,,,,,,,,
Arte Wallpaper Empire,arte-wallpaper-empire,,999517565,"The same 'quillwork' as Civilia, however, this time with a clear pattern. Made exactly in the same way as the Paleo Indians did it, with stylised figures carved in wood, stone or bone. Excavations have taught us that they were mad about coloured materials, such as coral, turquoise and jade, shades that you will also find in this collection.","<h1>Care Code</h1><p><img align=""baseline"" alt=""imageedit 5 2242489781"" height=""133"" src=""https://inspiry.co.nz/wp-content/uploads/2020/09/imageedit_5_2242489781.png"" title=""imageedit 5 2242489781"" width=""127"" /></p><h1>Care CodeGuide</h1><p><span style=""font-size: 1em;"">Careful and regular maintenance is the key to prolonging the life and retaining the appearance of soft furnishings. The following notes are offered as a brief guide on the care and cleaning of wallpaper.<br /><br />Please click </span><strong style=""font-size: 1em;""><a href=""https://inspiry.co.nz/wp-content/uploads/2020/09/Inspiry-Wallpaper-Care-Guide.pdf""><span style=""color:#ff0033;"">here</span><span style=""color:#696969;""> </span></a></strong><span style=""font-size: 1em;"">to download.</span>",publish,,0,10/03/22 15:01,1049,open,UF-50550-P,,,no,no,,219,,1.3,60,8.5,60,,instock,no,no,,no,taxable,,,no,,,,,,,,https://inspiry.co.nz/wp-content/uploads/2022/03/UF-50550-5.jpg ! alt : Arte Wallpaper Empire  ! title : Arte Wallpaper Empire  1 ! desc :  ! caption :  | https://inspiry.co.nz/wp-content/uploads/2022/03/UF-50550-1-3.jpg ! alt : Arte Wallpaper Empire  ! title : Arte Wallpaper Empire  2 ! desc :  ! caption :  | https://inspiry.co.nz/wp-content/uploads/2022/03/UF-50550-2-3.jpg ! alt : Arte Wallpaper Empire  ! title : Arte Wallpaper Empire  3 ! desc :  ! caption : ,,https://inspiry.co.nz/products/arte-wallpaper-empire/,,,,,,,,,,,,variable,exclude_from_catalog|exclude_from_search,Wallpaper,,Free Shipping,,,,,,yes,,2022-03-12T17:08:38+00:00,,0,,,,,,,,,,,,,,,,,,,,,,,,,,,,,,,,,,,,,,,,,,,,,,,,,,,,,,,,,,,,,,,,,,,,,,,,,,,,,,,,,,,,,,,,,,,,,,Due in 5-7 Days.Order Now!,10|1|0,,,,,,,,,,,,,,,,,,,,,,,,,,,,,,,,,,,,,,Arte Wallpaper,0|1|0,,,,,,,,,,,,,,,,,,,,,,,,,,,,,,,,,,,,,,,,,Paleo,1|1|0,,,,,50550|50551|50552|50553|50554,2|1|1,,,,,,,,,,,,,,Non Woven Paste the Wall,5|1|0,,,,,,,,,,,,,,,,,,,,,,,,,,,,,,,,,,,,,,,,,Due in 5-7 Days.Order Now!,11|1|0,,,,,,,,,,,Modern Contemporary,3|1|0,,,,,,,,,,,,,,,,,,,,,,,,,,,,,,,,,,,,,,,,,,,,,,,,,,,,,,,,,,,,,,,,,,,,,,,,,,,,,,,,,,,,,,,,,,,,,,,,,,,,,,,,,,,,,,,,,,,,,,,,,,,,,,,,,,,,,,,,,,,,,,,,,,,,,,,,,,,,,,,,,,,,,,,,,,,,,,,,,,,,,,,,,,,,,,,,,,,,,,,,,,,Straight Match,6|1|0,,,,,,,,,,,,,,,,,,,,,,,,,,,,,,,,,,,,,,,,,Belgium,9|1|0,,,,,,,,,,,Motif,4|1|0,,,,,,,,,,,,,,,,,,,,,,,,,,,,,,,,,,,,,,,,,,,,,,,,,,,,,,,,,,,,,,,,,,,,,,,,,,,,,,,,,,,,,,,,,,,,,,,,,,,,,,,,,,,,,,,,,,,,,,,,,,,,,,,,,,,,,,,,,,,,,,,,,,,,,,,,,,,,,,,,,,,,,,,,,,,,,,,,,,,,,,,,,,,,,,,,,,,,,,,,,,,,,,,,,64Cm,7|1|0,,,,,,,,,,,,,,,,,,,,,,,,,,,,,,,,,,,,,,,,,90Cm,8|1|0,,,,,,,,,,,,,
Arte Wallpaper Civilia,arte-wallpaper-civilia,,999517569,"A unique design, based on 'quillwork', as virtually the oldest form of embroidery. Handiwork that was used exclusively by the native Americans to decorate clothes, jewellery and other utensils. Civilia is linear without being truly straight. Sometimes the linear effect creates the impression of rectangles lying across each other in layers.","<h1>Care Code</h1><p><img align=""baseline"" alt=""imageedit 5 2242489781"" height=""133"" src=""https://inspiry.co.nz/wp-content/uploads/2020/09/imageedit_5_2242489781.png"" title=""imageedit 5 2242489781"" width=""127"" /></p><h1>Care CodeGuide</h1><p><span style=""font-size: 1em;"">Careful and regular maintenance is the key to prolonging the life and retaining the appearance of soft furnishings. The following notes are offered as a brief guide on the care and cleaning of wallpaper.<br /><br />Please click </span><strong style=""font-size: 1em;""><a href=""https://inspiry.co.nz/wp-content/uploads/2020/09/Inspiry-Wallpaper-Care-Guide.pdf""><span style=""color:#ff0033;"">here</span><span style=""color:#696969;""> </span></a></strong><span style=""font-size: 1em;"">to download.</span>",publish,,0,10/03/22 15:01,1049,open,UF-50560-P,,,no,no,,219,,1.3,60,8.5,60,,instock,no,no,,no,taxable,,,no,,,,,,,,https://inspiry.co.nz/wp-content/uploads/2022/03/UF-50560-5.jpg ! alt : Arte Wallpaper Civilia  ! title : Arte Wallpaper Civilia  1 ! desc :  ! caption :  | https://inspiry.co.nz/wp-content/uploads/2022/03/UF-50560-1-3.jpg ! alt : Arte Wallpaper Civilia  ! title : Arte Wallpaper Civilia  2 ! desc :  ! caption :  | https://inspiry.co.nz/wp-content/uploads/2022/03/UF-50560-2-3.jpg ! alt : Arte Wallpaper Civilia  ! title : Arte Wallpaper Civilia  3 ! desc :  ! caption : ,,https://inspiry.co.nz/products/arte-wallpaper-civilia/,,,,,,,,,,,,variable,exclude_from_catalog|exclude_from_search,Wallpaper,,Free Shipping,,,,,,yes,,2022-03-12T17:08:40+00:00,,0,,,,,,,,,,,,,,,,,,,,,,,,,,,,,,,,,,,,,,,,,,,,,,,,,,,,,,,,,,,,,,,,,,,,,,,,,,,,,,,,,,,,,,,,,,,,,,Due in 5-7 Days.Order Now!,10|1|0,,,,,,,,,,,,,,,,,,,,,,,,,,,,,,,,,,,,,,Arte Wallpaper,0|1|0,,,,,,,,,,,,,,,,,,,,,,,,,,,,,,,,,,,,,,,,,Paleo,1|1|0,,,,,50560|50561|50562|50563|50564,2|1|1,,,,,,,,,,,,,,Non Woven Paste the Wall,5|1|0,,,,,,,,,,,,,,,,,,,,,,,,,,,,,,,,,,,,,,,,,Due in 5-7 Days.Order Now!,11|1|0,,,,,,,,,,,Modern Contemporary,3|1|0,,,,,,,,,,,,,,,,,,,,,,,,,,,,,,,,,,,,,,,,,,,,,,,,,,,,,,,,,,,,,,,,,,,,,,,,,,,,,,,,,,,,,,,,,,,,,,,,,,,,,,,,,,,,,,,,,,,,,,,,,,,,,,,,,,,,,,,,,,,,,,,,,,,,,,,,,,,,,,,,,,,,,,,,,,,,,,,,,,,,,,,,,,,,,,,,,,,,,,,,,,,Straight Match,6|1|0,,,,,,,,,,,,,,,,,,,,,,,,,,,,,,,,,,,,,,,,,Belgium,9|1|0,,,,,,,,,,,Motif,4|1|0,,,,,,,,,,,,,,,,,,,,,,,,,,,,,,,,,,,,,,,,,,,,,,,,,,,,,,,,,,,,,,,,,,,,,,,,,,,,,,,,,,,,,,,,,,,,,,,,,,,,,,,,,,,,,,,,,,,,,,,,,,,,,,,,,,,,,,,,,,,,,,,,,,,,,,,,,,,,,,,,,,,,,,,,,,,,,,,,,,,,,,,,,,,,,,,,,,,,,,,,,,,,,,,,,64Cm,7|1|0,,,,,,,,,,,,,,,,,,,,,,,,,,,,,,,,,,,,,,,,,90Cm,8|1|0,,,,,,,,,,,,,
Arte Wallpaper Strata,arte-wallpaper-strata,,999517573,"Strata refers to the many sedimentary rock layers that reveal their past thanks to what you find in them. Pieces of broken pot, fossils, minerals and crystals. Strata suggests all kinds of layers of earth, sometimes damp and shiny, sometimes dull and dry. Together these form a supple, moving wavy pattern. There are so many shades in this semi plain, which create movement and depth.","<h1>Care Code</h1><p><img align=""baseline"" alt=""imageedit 5 2242489781"" height=""133"" src=""https://inspiry.co.nz/wp-content/uploads/2020/09/imageedit_5_2242489781.png"" title=""imageedit 5 2242489781"" width=""127"" /></p><h1>Care CodeGuide</h1><p><span style=""font-size: 1em;"">Careful and regular maintenance is the key to prolonging the life and retaining the appearance of soft furnishings. The following notes are offered as a brief guide on the care and cleaning of wallpaper.<br /><br />Please click </span><strong style=""font-size: 1em;""><a href=""https://inspiry.co.nz/wp-content/uploads/2020/09/Inspiry-Wallpaper-Care-Guide.pdf""><span style=""color:#ff0033;"">here</span><span style=""color:#696969;""> </span></a></strong><span style=""font-size: 1em;"">to download.</span>",publish,,0,10/03/22 15:01,1049,open,UF-50570-P,,,no,no,,219,,1.3,60,8.5,60,,instock,no,no,,no,taxable,,,no,,,,,,,,https://inspiry.co.nz/wp-content/uploads/2022/03/UF-50570-5.jpg ! alt : Arte Wallpaper Strata  ! title : Arte Wallpaper Strata  1 ! desc :  ! caption :  | https://inspiry.co.nz/wp-content/uploads/2022/03/UF-50570-1-3.jpg ! alt : Arte Wallpaper Strata  ! title : Arte Wallpaper Strata  2 ! desc :  ! caption :  | https://inspiry.co.nz/wp-content/uploads/2022/03/UF-50570-2-3.jpg ! alt : Arte Wallpaper Strata  ! title : Arte Wallpaper Strata  3 ! desc :  ! caption : ,,https://inspiry.co.nz/products/arte-wallpaper-strata/,,,,,,,,,,,,variable,exclude_from_catalog|exclude_from_search,Wallpaper,,Free Shipping,,,,,,yes,,2022-03-12T17:08:42+00:00,,0,,,,,,,,,,,,,,,,,,,,,,,,,,,,,,,,,,,,,,,,,,,,,,,,,,,,,,,,,,,,,,,,,,,,,,,,,,,,,,,,,,,,,,,,,,,,,,Due in 5-7 Days.Order Now!,10|1|0,,,,,,,,,,,,,,,,,,,,,,,,,,,,,,,,,,,,,,Arte Wallpaper,0|1|0,,,,,,,,,,,,,,,,,,,,,,,,,,,,,,,,,,,,,,,,,Paleo,1|1|0,,,,,50570|50571|50572|50573,2|1|1,,,,,,,,,,,,,,Non Woven Paste the Wall,5|1|0,,,,,,,,,,,,,,,,,,,,,,,,,,,,,,,,,,,,,,,,,Due in 5-7 Days.Order Now!,11|1|0,,,,,,,,,,,Modern Contemporary,3|1|0,,,,,,,,,,,,,,,,,,,,,,,,,,,,,,,,,,,,,,,,,,,,,,,,,,,,,,,,,,,,,,,,,,,,,,,,,,,,,,,,,,,,,,,,,,,,,,,,,,,,,,,,,,,,,,,,,,,,,,,,,,,,,,,,,,,,,,,,,,,,,,,,,,,,,,,,,,,,,,,,,,,,,,,,,,,,,,,,,,,,,,,,,,,,,,,,,,,,,,,,,,,Straight Match,6|1|0,,,,,,,,,,,,,,,,,,,,,,,,,,,,,,,,,,,,,,,,,Belgium,9|1|0,,,,,,,,,,,Motif,4|1|0,,,,,,,,,,,,,,,,,,,,,,,,,,,,,,,,,,,,,,,,,,,,,,,,,,,,,,,,,,,,,,,,,,,,,,,,,,,,,,,,,,,,,,,,,,,,,,,,,,,,,,,,,,,,,,,,,,,,,,,,,,,,,,,,,,,,,,,,,,,,,,,,,,,,,,,,,,,,,,,,,,,,,,,,,,,,,,,,,,,,,,,,,,,,,,,,,,,,,,,,,,,,,,,,,64Cm,7|1|0,,,,,,,,,,,,,,,,,,,,,,,,,,,,,,,,,,,,,,,,,90Cm,8|1|0,,,,,,,,,,,,,
Arte Wallpaper Combine,arte-wallpaper-combine,,999517577,"A herringbone motif often appears busy, but by implementing it with sisal, the design Combine gets a much softer and more natural look. A joy (and thus not a burden) for the eye. The soft range of tints in the fabric ensures a quiet pattern that has a nice balanced appearance. In addition, this design makes your rooms appear higher. This wallpaper is made from hand-woven sisal fibres, rigorously carved out and processed according to a refined traditional inlay technique.","<h1>Care Code</h1><p><img align=""baseline"" alt=""imageedit 5 2242489781"" height=""133"" src=""https://inspiry.co.nz/wp-content/uploads/2020/09/imageedit_5_2242489781.png"" title=""imageedit 5 2242489781"" width=""127"" /></p><h1>Care CodeGuide</h1><p><span style=""font-size: 1em;"">Careful and regular maintenance is the key to prolonging the life and retaining the appearance of soft furnishings. The following notes are offered as a brief guide on the care and cleaning of wallpaper.<br /><br />Please click </span><strong style=""font-size: 1em;""><a href=""https://inspiry.co.nz/wp-content/uploads/2020/09/Inspiry-Wallpaper-Care-Guide.pdf""><span style=""color:#ff0033;"">here</span><span style=""color:#696969;""> </span></a></strong><span style=""font-size: 1em;"">to download.</span>",publish,,0,10/03/22 15:01,1049,open,UF-80650-P,,,no,no,,605,,1.3,60,8.5,60,,instock,no,no,,no,taxable,,,no,,,,,,,,https://inspiry.co.nz/wp-content/uploads/2022/03/UF-80656-3.jpg ! alt : Arte Wallpaper Combine  ! title : Arte Wallpaper Combine  1 ! desc :  ! caption : ,,https://inspiry.co.nz/products/arte-wallpaper-combine/,,,,,,,,,,,,variable,exclude_from_catalog|exclude_from_search,Wallpaper,,Free Shipping,,,,,,yes,,2022-03-12T17:08:45+00:00,,0,,,,,,,,,,,,,,,,,,,,,,,,,,,,,,,,,,,,,,,,,,,,,,,,,,,,,,,,,,,,,,,,,,,,,,,,,,,,,,,,,,,,,,,,,,,,,,Due in 5-7 Days.Order Now!,10|1|0,,,,,,,,,,,,,,,,,,,,,,,,,,,,,,,,,,,,,,Arte Wallpaper,0|1|0,,,,,,,,,,,,,,,,,,,,,,,,,,,,,,,,,,,,,,,,,Oculaire,1|1|0,,,,,80650|80651|80652|80653|80654|80655|80656,2|1|1,,,,,,,,,,,,,,"Back - Non-Woven, Paste The Wall Front -100% Sisal",5|1|0,,,,,,,,,,,,,,,,,,,,,,,,,,,,,,,,,,,,,,,,,Due in 5-7 Days.Order Now!,11|1|0,,,,,,,,,,,Modern Contemporary,3|1|0,,,,,,,,,,,,,,,,,,,,,,,,,,,,,,,,,,,,,,,,,,,,,,,,,,,,,,,,,,,,,,,,,,,,,,,,,,,,,,,,,,,,,,,,,,,,,,,,,,,,,,,,,,,,,,,,,,,,,,,,,,,,,,,,,,,,,,,,,,,,,,,,,,,,,,,,,,,,,,,,,,,,,,,,,,,,,,,,,,,,,,,,,,,,,,,,,,,,,,,,,,,Straight Match,6|1|0,,,,,,,,,,,,,,,,,,,,,,,,,,,,,,,,,,,,,,,,,Belgium,9|1|0,,,,,,,,,,,Motif,4|1|0,,,,,,,,,,,,,,,,,,,,,,,,,,,,,,,,,,,,,,,,,,,,,,,,,,,,,,,,,,,,,,,,,,,,,,,,,,,,,,,,,,,,,,,,,,,,,,,,,,,,,,,,,,,,,,,,,,,,,,,,,,,,,,,,,,,,,,,,,,,,,,,,,,,,,,,,,,,,,,,,,,,,,,,,,,,,,,,,,,,,,,,,,,,,,,,,,,,,,,,,,,,,,,,,,15Cm,7|1|0,,,,,,,,,,,,,,,,,,,,,,,,,,,,,,,,,,,,,,,,,90Cm,8|1|0,,,,,,,,,,,,,
Arte Wallpaper Line,arte-wallpaper-line,,999517579,"Line is the wallpaper that radiates peace and warmth. This wallpaper is made from hand-woven sisal fibres, rigorously carved out and processed according to a refined traditional inlay technique.","<h1>Care Code</h1><p><img align=""baseline"" alt=""imageedit 5 2242489781"" height=""133"" src=""https://inspiry.co.nz/wp-content/uploads/2020/09/imageedit_5_2242489781.png"" title=""imageedit 5 2242489781"" width=""127"" /></p><h1>Care CodeGuide</h1><p><span style=""font-size: 1em;"">Careful and regular maintenance is the key to prolonging the life and retaining the appearance of soft furnishings. The following notes are offered as a brief guide on the care and cleaning of wallpaper.<br /><br />Please click </span><strong style=""font-size: 1em;""><a href=""https://inspiry.co.nz/wp-content/uploads/2020/09/Inspiry-Wallpaper-Care-Guide.pdf""><span style=""color:#ff0033;"">here</span><span style=""color:#696969;""> </span></a></strong><span style=""font-size: 1em;"">to download.</span>",publish,,0,10/03/22 15:01,1049,open,UF-80700-P,,,no,no,,154,,1.3,60,8.5,60,,instock,no,no,,no,taxable,,,no,,,,,,,,https://inspiry.co.nz/wp-content/uploads/2022/03/UF-80700-4.jpg ! alt : Arte Wallpaper Line  ! title : Arte Wallpaper Line  1 ! desc :  ! caption :  | https://inspiry.co.nz/wp-content/uploads/2022/03/UF-80700-3-3.jpg ! alt : Arte Wallpaper Line  ! title : Arte Wallpaper Line  2 ! desc :  ! caption : ,,https://inspiry.co.nz/products/arte-wallpaper-line/,,,,,,,,,,,,variable,exclude_from_catalog|exclude_from_search,Wallpaper,,Free Shipping,,,,,,yes,,2022-03-12T17:08:50+00:00,,0,,,,,,,,,,,,,,,,,,,,,,,,,,,,,,,,,,,,,,,,,,,,,,,,,,,,,,,,,,,,,,,,,,,,,,,,,,,,,,,,,,,,,,,,,,,,,,Due in 5-7 Days.Order Now!,10|1|0,,,,,,,,,,,,,,,,,,,,,,,,,,,,,,,,,,,,,,Arte Wallpaper,0|1|0,,,,,,,,,,,,,,,,,,,,,,,,,,,,,,,,,,,,,,,,,Oculaire,1|1|0,,,,,80700|80701|80702|80703|80704|80705|80706|80707|80708|80709|80710|80711|80712,2|1|1,,,,,,,,,,,,,,Back - 100% Paper Front -100% Sisal,5|1|0,,,,,,,,,,,,,,,,,,,,,,,,,,,,,,,,,,,,,,,,,Due in 5-7 Days.Order Now!,11|1|0,,,,,,,,,,,Modern Contemporary,3|1|0,,,,,,,,,,,,,,,,,,,,,,,,,,,,,,,,,,,,,,,,,,,,,,,,,,,,,,,,,,,,,,,,,,,,,,,,,,,,,,,,,,,,,,,,,,,,,,,,,,,,,,,,,,,,,,,,,,,,,,,,,,,,,,,,,,,,,,,,,,,,,,,,,,,,,,,,,,,,,,,,,,,,,,,,,,,,,,,,,,,,,,,,,,,,,,,,,,,,,,,,,,,Free Match,6|1|0,,,,,,,,,,,,,,,,,,,,,,,,,,,,,,,,,,,,,,,,,Belgium,9|1|0,,,,,,,,,,,Grasscloth,4|1|0,,,,,,,,,,,,,,,,,,,,,,,,,,,,,,,,,,,,,,,,,,,,,,,,,,,,,,,,,,,,,,,,,,,,,,,,,,,,,,,,,,,,,,,,,,,,,,,,,,,,,,,,,,,,,,,,,,,,,,,,,,,,,,,,,,,,,,,,,,,,,,,,,,,,,,,,,,,,,,,,,,,,,,,,,,,,,,,,,,,,,,,,,,,,,,,,,,,,,,,,,,,,,,,,,0Cm,7|1|0,,,,,,,,,,,,,,,,,,,,,,,,,,,,,,,,,,,,,,,,,90Cm,8|1|0,,,,,,,,,,,,,
Arte Wallpaper Mira,arte-wallpaper-mira-2,,999517582,Mira√Ç¬¨√¢‚Ç¨¬†is pure luxury. A finely pleated non-woven with the compact folds running horizontally. It looks like waves. The 'crest of the wave' is given a layer of shine using metal foil and resulting in a refined look. It's quite high-tech.,"<h1>Care Code</h1><p><img align=""baseline"" alt=""imageedit 5 2242489781"" height=""133"" src=""https://inspiry.co.nz/wp-content/uploads/2020/09/imageedit_5_2242489781.png"" title=""imageedit 5 2242489781"" width=""127"" /></p><h1>Care CodeGuide</h1><p><span style=""font-size: 1em;"">Careful and regular maintenance is the key to prolonging the life and retaining the appearance of soft furnishings. The following notes are offered as a brief guide on the care and cleaning of wallpaper.<br /><br />Please click </span><strong style=""font-size: 1em;""><a href=""https://inspiry.co.nz/wp-content/uploads/2020/09/Inspiry-Wallpaper-Care-Guide.pdf""><span style=""color:#ff0033;"">here</span><span style=""color:#696969;""> </span></a></strong><span style=""font-size: 1em;"">to download.</span>",publish,,0,10/03/22 15:01,1049,open,UF-93502-P,,,no,no,,439,,1.3,60,8.5,60,,instock,no,no,,no,taxable,,,no,,,,,,,,https://inspiry.co.nz/wp-content/uploads/2022/03/UF-93502-5.jpg ! alt : Arte Wallpaper Mira  ! title : Arte Wallpaper Mira  1 ! desc :  ! caption :  | https://inspiry.co.nz/wp-content/uploads/2022/03/UF-93502-1-3.jpg ! alt : Arte Wallpaper Mira  ! title : Arte Wallpaper Mira  2 ! desc :  ! caption :  | https://inspiry.co.nz/wp-content/uploads/2022/03/UF-93502-2-3.jpg ! alt : Arte Wallpaper Mira  ! title : Arte Wallpaper Mira  3 ! desc :  ! caption : ,,https://inspiry.co.nz/products/arte-wallpaper-mira-2/,,,,,,,,,,,,variable,exclude_from_catalog|exclude_from_search,Wallpaper,,Free Shipping,,,,,,yes,,2022-03-12T17:08:51+00:00,,0,,,,,,,,,,,,,,,,,,,,,,,,,,,,,,,,,,,,,,,,,,,,,,,,,,,,,,,,,,,,,,,,,,,,,,,,,,,,,,,,,,,,,,,,,,,,,,Due in 5-7 Days.Order Now!,10|1|0,,,,,,,,,,,,,,,,,,,,,,,,,,,,,,,,,,,,,,Arte Wallpaper,0|1|0,,,,,,,,,,,,,,,,,,,,,,,,,,,,,,,,,,,,,,,,,Vanguard,1|1|0,,,,,93502|93503|93504|93505,2|1|1,,,,,,,,,,,,,,Non Woven Paste the Wall,5|1|0,,,,,,,,,,,,,,,,,,,,,,,,,,,,,,,,,,,,,,,,,Due in 5-7 Days.Order Now!,11|1|0,,,,,,,,,,,Modern Contemporary,3|1|0,,,,,,,,,,,,,,,,,,,,,,,,,,,,,,,,,,,,,,,,,,,,,,,,,,,,,,,,,,,,,,,,,,,,,,,,,,,,,,,,,,,,,,,,,,,,,,,,,,,,,,,,,,,,,,,,,,,,,,,,,,,,,,,,,,,,,,,,,,,,,,,,,,,,,,,,,,,,,,,,,,,,,,,,,,,,,,,,,,,,,,,,,,,,,,,,,,,,,,,,,,,Free Match,6|1|0,,,,,,,,,,,,,,,,,,,,,,,,,,,,,,,,,,,,,,,,,Belgium,9|1|0,,,,,,,,,,,Texture,4|1|0,,,,,,,,,,,,,,,,,,,,,,,,,,,,,,,,,,,,,,,,,,,,,,,,,,,,,,,,,,,,,,,,,,,,,,,,,,,,,,,,,,,,,,,,,,,,,,,,,,,,,,,,,,,,,,,,,,,,,,,,,,,,,,,,,,,,,,,,,,,,,,,,,,,,,,,,,,,,,,,,,,,,,,,,,,,,,,,,,,,,,,,,,,,,,,,,,,,,,,,,,,,,,,,,,0Cm,7|1|0,,,,,,,,,,,,,,,,,,,,,,,,,,,,,,,,,,,,,,,,,85Cm,8|1|0,,,,,,,,,,,,,
Arte Wallpaper Plex,arte-wallpaper-plex,,999517586,"Plex, Latin for 'pleat', is the timeless variant from the collection. This contemporary, matte version is made of non-woven that has been irregularly creased with a pleat running vertically. The pleats are completely random and vary in intensity.","<h1>Care Code</h1><p><img align=""baseline"" alt=""imageedit 5 2242489781"" height=""133"" src=""https://inspiry.co.nz/wp-content/uploads/2020/09/imageedit_5_2242489781.png"" title=""imageedit 5 2242489781"" width=""127"" /></p><h1>Care CodeGuide</h1><p><span style=""font-size: 1em;"">Careful and regular maintenance is the key to prolonging the life and retaining the appearance of soft furnishings. The following notes are offered as a brief guide on the care and cleaning of wallpaper.<br /><br />Please click </span><strong style=""font-size: 1em;""><a href=""https://inspiry.co.nz/wp-content/uploads/2020/09/Inspiry-Wallpaper-Care-Guide.pdf""><span style=""color:#ff0033;"">here</span><span style=""color:#696969;""> </span></a></strong><span style=""font-size: 1em;"">to download.</span>",publish,,0,10/03/22 15:01,1049,open,UF-93520-P,,,no,no,,219,,1.3,60,8.5,60,,instock,no,no,,no,taxable,,,no,,,,,,,,https://inspiry.co.nz/wp-content/uploads/2022/03/UF-93520-5.jpg ! alt : Arte Wallpaper Plex  ! title : Arte Wallpaper Plex  1 ! desc :  ! caption :  | https://inspiry.co.nz/wp-content/uploads/2022/03/UF-93520-1-3.jpg ! alt : Arte Wallpaper Plex  ! title : Arte Wallpaper Plex  2 ! desc :  ! caption :  | https://inspiry.co.nz/wp-content/uploads/2022/03/UF-93520-2-3.jpg ! alt : Arte Wallpaper Plex  ! title : Arte Wallpaper Plex  3 ! desc :  ! caption : ,,https://inspiry.co.nz/products/arte-wallpaper-plex/,,,,,,,,,,,,variable,exclude_from_catalog|exclude_from_search,Wallpaper,,Free Shipping,,,,,,yes,,2022-03-12T17:08:58+00:00,,0,,,,,,,,,,,,,,,,,,,,,,,,,,,,,,,,,,,,,,,,,,,,,,,,,,,,,,,,,,,,,,,,,,,,,,,,,,,,,,,,,,,,,,,,,,,,,,Due in 5-7 Days.Order Now!,10|1|0,,,,,,,,,,,,,,,,,,,,,,,,,,,,,,,,,,,,,,Arte Wallpaper,0|1|0,,,,,,,,,,,,,,,,,,,,,,,,,,,,,,,,,,,,,,,,,Vanguard,1|1|0,,,,,93520|93521|93522|93523|93524|93525|93526|93527|93528|93529|93530|93531|93532|93533|93534|93535,2|1|1,,,,,,,,,,,,,,Non Woven Paste the Wall,5|1|0,,,,,,,,,,,,,,,,,,,,,,,,,,,,,,,,,,,,,,,,,Due in 5-7 Days.Order Now!,11|1|0,,,,,,,,,,,Modern Contemporary,3|1|0,,,,,,,,,,,,,,,,,,,,,,,,,,,,,,,,,,,,,,,,,,,,,,,,,,,,,,,,,,,,,,,,,,,,,,,,,,,,,,,,,,,,,,,,,,,,,,,,,,,,,,,,,,,,,,,,,,,,,,,,,,,,,,,,,,,,,,,,,,,,,,,,,,,,,,,,,,,,,,,,,,,,,,,,,,,,,,,,,,,,,,,,,,,,,,,,,,,,,,,,,,,Free Match,6|1|0,,,,,,,,,,,,,,,,,,,,,,,,,,,,,,,,,,,,,,,,,Belgium,9|1|0,,,,,,,,,,,Texture,4|1|0,,,,,,,,,,,,,,,,,,,,,,,,,,,,,,,,,,,,,,,,,,,,,,,,,,,,,,,,,,,,,,,,,,,,,,,,,,,,,,,,,,,,,,,,,,,,,,,,,,,,,,,,,,,,,,,,,,,,,,,,,,,,,,,,,,,,,,,,,,,,,,,,,,,,,,,,,,,,,,,,,,,,,,,,,,,,,,,,,,,,,,,,,,,,,,,,,,,,,,,,,,,,,,,,,0Cm,7|1|0,,,,,,,,,,,,,,,,,,,,,,,,,,,,,,,,,,,,,,,,,90Cm,8|1|0,,,,,,,,,,,,,
Arte Wallpaper Modernist,arte-wallpaper-modernist,,999517590,"Strips of stacked geometric shapes in contrasting colours, looking almost as if patterns have been cut up and shifted around. Mostly straight and sloping lines, with the occasional circle or part of a circle.√Ç¬¨√¢‚Ç¨¬†Modernist√Ç¬¨√¢‚Ç¨¬†is finished with a thin layer of lacquer, which gives the entire surface a subtle gloss. Printed on the plain, Plex.","<h1>Care Code</h1><p><img align=""baseline"" alt=""imageedit 5 2242489781"" height=""133"" src=""https://inspiry.co.nz/wp-content/uploads/2020/09/imageedit_5_2242489781.png"" title=""imageedit 5 2242489781"" width=""127"" /></p><h1>Care CodeGuide</h1><p><span style=""font-size: 1em;"">Careful and regular maintenance is the key to prolonging the life and retaining the appearance of soft furnishings. The following notes are offered as a brief guide on the care and cleaning of wallpaper.<br /><br />Please click </span><strong style=""font-size: 1em;""><a href=""https://inspiry.co.nz/wp-content/uploads/2020/09/Inspiry-Wallpaper-Care-Guide.pdf""><span style=""color:#ff0033;"">here</span><span style=""color:#696969;""> </span></a></strong><span style=""font-size: 1em;"">to download.</span>",publish,,0,10/03/22 15:01,1049,open,UF-93540-P,,,no,no,,278,,1.3,60,8.5,60,,instock,no,no,,no,taxable,,,no,,,,,,,,https://inspiry.co.nz/wp-content/uploads/2022/03/UF-93540-5.jpg ! alt : Arte Wallpaper Modernist  ! title : Arte Wallpaper Modernist  1 ! desc :  ! caption :  | https://inspiry.co.nz/wp-content/uploads/2022/03/UF-93540-1-3.jpg ! alt : Arte Wallpaper Modernist  ! title : Arte Wallpaper Modernist  2 ! desc :  ! caption :  | https://inspiry.co.nz/wp-content/uploads/2022/03/UF-93540-2-3.jpg ! alt : Arte Wallpaper Modernist  ! title : Arte Wallpaper Modernist  3 ! desc :  ! caption : ,,https://inspiry.co.nz/products/arte-wallpaper-modernist/,,,,,,,,,,,,variable,exclude_from_catalog|exclude_from_search,Wallpaper,,Free Shipping,,,,,,yes,,2022-03-12T17:08:59+00:00,,0,,,,,,,,,,,,,,,,,,,,,,,,,,,,,,,,,,,,,,,,,,,,,,,,,,,,,,,,,,,,,,,,,,,,,,,,,,,,,,,,,,,,,,,,,,,,,,Due in 5-7 Days.Order Now!,10|1|0,,,,,,,,,,,,,,,,,,,,,,,,,,,,,,,,,,,,,,Arte Wallpaper,0|1|0,,,,,,,,,,,,,,,,,,,,,,,,,,,,,,,,,,,,,,,,,Vanguard,1|1|0,,,,,93540|93541|93542,2|1|1,,,,,,,,,,,,,,Non Woven Paste the Wall,5|1|0,,,,,,,,,,,,,,,,,,,,,,,,,,,,,,,,,,,,,,,,,Due in 5-7 Days.Order Now!,11|1|0,,,,,,,,,,,Modern Contemporary,3|1|0,,,,,,,,,,,,,,,,,,,,,,,,,,,,,,,,,,,,,,,,,,,,,,,,,,,,,,,,,,,,,,,,,,,,,,,,,,,,,,,,,,,,,,,,,,,,,,,,,,,,,,,,,,,,,,,,,,,,,,,,,,,,,,,,,,,,,,,,,,,,,,,,,,,,,,,,,,,,,,,,,,,,,,,,,,,,,,,,,,,,,,,,,,,,,,,,,,,,,,,,,,,Straight Match,6|1|0,,,,,,,,,,,,,,,,,,,,,,,,,,,,,,,,,,,,,,,,,Belgium,9|1|0,,,,,,,,,,,Motif,4|1|0,,,,,,,,,,,,,,,,,,,,,,,,,,,,,,,,,,,,,,,,,,,,,,,,,,,,,,,,,,,,,,,,,,,,,,,,,,,,,,,,,,,,,,,,,,,,,,,,,,,,,,,,,,,,,,,,,,,,,,,,,,,,,,,,,,,,,,,,,,,,,,,,,,,,,,,,,,,,,,,,,,,,,,,,,,,,,,,,,,,,,,,,,,,,,,,,,,,,,,,,,,,,,,,,,64Cm,7|1|0,,,,,,,,,,,,,,,,,,,,,,,,,,,,,,,,,,,,,,,,,90Cm,8|1|0,,,,,,,,,,,,,
Arte Wallpaper Tessella,arte-wallpaper-tessella,,999517594,"A rhythmic tiled pattern. Tessella invokes Greek and Roman Antiquity, where varied coloured blocks of glass, stone or marble were pieced together to create a mosaic figure. The whole thing is an optical challenge: here you see depth, there relief. Tessella is a combination of matte and metallic inks printed on the plain, Plex.","<h1>Care Code</h1><p><img align=""baseline"" alt=""imageedit 5 2242489781"" height=""133"" src=""https://inspiry.co.nz/wp-content/uploads/2020/09/imageedit_5_2242489781.png"" title=""imageedit 5 2242489781"" width=""127"" /></p><h1>Care CodeGuide</h1><p><span style=""font-size: 1em;"">Careful and regular maintenance is the key to prolonging the life and retaining the appearance of soft furnishings. The following notes are offered as a brief guide on the care and cleaning of wallpaper.<br /><br />Please click </span><strong style=""font-size: 1em;""><a href=""https://inspiry.co.nz/wp-content/uploads/2020/09/Inspiry-Wallpaper-Care-Guide.pdf""><span style=""color:#ff0033;"">here</span><span style=""color:#696969;""> </span></a></strong><span style=""font-size: 1em;"">to download.</span>",publish,,0,10/03/22 15:02,1049,open,UF-93560-P,,,no,no,,248,,1.3,60,8.5,60,,instock,no,no,,no,taxable,,,no,,,,,,,,https://inspiry.co.nz/wp-content/uploads/2022/03/UF-93560-5.jpg ! alt : Arte Wallpaper Tessella  ! title : Arte Wallpaper Tessella  1 ! desc :  ! caption :  | https://inspiry.co.nz/wp-content/uploads/2022/03/UF-93560-1-3.jpg ! alt : Arte Wallpaper Tessella  ! title : Arte Wallpaper Tessella  2 ! desc :  ! caption :  | https://inspiry.co.nz/wp-content/uploads/2022/03/UF-93560-2-3.jpg ! alt : Arte Wallpaper Tessella  ! title : Arte Wallpaper Tessella  3 ! desc :  ! caption : ,,https://inspiry.co.nz/products/arte-wallpaper-tessella/,,,,,,,,,,,,variable,exclude_from_catalog|exclude_from_search,Wallpaper,,Free Shipping,,,,,,yes,,2022-03-12T17:09:00+00:00,,0,,,,,,,,,,,,,,,,,,,,,,,,,,,,,,,,,,,,,,,,,,,,,,,,,,,,,,,,,,,,,,,,,,,,,,,,,,,,,,,,,,,,,,,,,,,,,,Due in 5-7 Days.Order Now!,10|1|0,,,,,,,,,,,,,,,,,,,,,,,,,,,,,,,,,,,,,,Arte Wallpaper,0|1|0,,,,,,,,,,,,,,,,,,,,,,,,,,,,,,,,,,,,,,,,,Vanguard,1|1|0,,,,,93560|93561|93562,2|1|1,,,,,,,,,,,,,,Non Woven Paste the Wall,5|1|0,,,,,,,,,,,,,,,,,,,,,,,,,,,,,,,,,,,,,,,,,Due in 5-7 Days.Order Now!,11|1|0,,,,,,,,,,,Modern Contemporary,3|1|0,,,,,,,,,,,,,,,,,,,,,,,,,,,,,,,,,,,,,,,,,,,,,,,,,,,,,,,,,,,,,,,,,,,,,,,,,,,,,,,,,,,,,,,,,,,,,,,,,,,,,,,,,,,,,,,,,,,,,,,,,,,,,,,,,,,,,,,,,,,,,,,,,,,,,,,,,,,,,,,,,,,,,,,,,,,,,,,,,,,,,,,,,,,,,,,,,,,,,,,,,,,Straight Match,6|1|0,,,,,,,,,,,,,,,,,,,,,,,,,,,,,,,,,,,,,,,,,Belgium,9|1|0,,,,,,,,,,,Motif,4|1|0,,,,,,,,,,,,,,,,,,,,,,,,,,,,,,,,,,,,,,,,,,,,,,,,,,,,,,,,,,,,,,,,,,,,,,,,,,,,,,,,,,,,,,,,,,,,,,,,,,,,,,,,,,,,,,,,,,,,,,,,,,,,,,,,,,,,,,,,,,,,,,,,,,,,,,,,,,,,,,,,,,,,,,,,,,,,,,,,,,,,,,,,,,,,,,,,,,,,,,,,,,,,,,,,,9.14Cm,7|1|0,,,,,,,,,,,,,,,,,,,,,,,,,,,,,,,,,,,,,,,,,90Cm,8|1|0,,,,,,,,,,,,,
Arte Wallpaper Traverse,arte-wallpaper-traverse,,999517598,"Traverse√Ç¬¨√¢‚Ç¨¬†creates an intriguing play of vertical lines subtly interrupted by the vertical pleats of the plain, Plex. Smaller and repetitive prints are occasionally alternated with a solid line. An accent layer of glossy metallic ink provides the 'special effect' in gold or silver.","<h1>Care Code</h1><p><img align=""baseline"" alt=""imageedit 5 2242489781"" height=""133"" src=""https://inspiry.co.nz/wp-content/uploads/2020/09/imageedit_5_2242489781.png"" title=""imageedit 5 2242489781"" width=""127"" /></p><h1>Care CodeGuide</h1><p><span style=""font-size: 1em;"">Careful and regular maintenance is the key to prolonging the life and retaining the appearance of soft furnishings. The following notes are offered as a brief guide on the care and cleaning of wallpaper.<br /><br />Please click </span><strong style=""font-size: 1em;""><a href=""https://inspiry.co.nz/wp-content/uploads/2020/09/Inspiry-Wallpaper-Care-Guide.pdf""><span style=""color:#ff0033;"">here</span><span style=""color:#696969;""> </span></a></strong><span style=""font-size: 1em;"">to download.</span>",publish,,0,10/03/22 15:02,1049,open,UF-93580-P,,,no,no,,248,,1.3,60,8.5,60,,instock,no,no,,no,taxable,,,no,,,,,,,,https://inspiry.co.nz/wp-content/uploads/2022/03/UF-93580-5.jpg ! alt : Arte Wallpaper Traverse  ! title : Arte Wallpaper Traverse  1 ! desc :  ! caption :  | https://inspiry.co.nz/wp-content/uploads/2022/03/UF-93580-1-3.jpg ! alt : Arte Wallpaper Traverse  ! title : Arte Wallpaper Traverse  2 ! desc :  ! caption :  | https://inspiry.co.nz/wp-content/uploads/2022/03/UF-93580-2-3.jpg ! alt : Arte Wallpaper Traverse  ! title : Arte Wallpaper Traverse  3 ! desc :  ! caption : ,,https://inspiry.co.nz/products/arte-wallpaper-traverse/,,,,,,,,,,,,variable,exclude_from_catalog|exclude_from_search,Wallpaper,,Free Shipping,,,,,,yes,,2022-03-12T17:09:02+00:00,,0,,,,,,,,,,,,,,,,,,,,,,,,,,,,,,,,,,,,,,,,,,,,,,,,,,,,,,,,,,,,,,,,,,,,,,,,,,,,,,,,,,,,,,,,,,,,,,Due in 5-7 Days.Order Now!,10|1|0,,,,,,,,,,,,,,,,,,,,,,,,,,,,,,,,,,,,,,Arte Wallpaper,0|1|0,,,,,,,,,,,,,,,,,,,,,,,,,,,,,,,,,,,,,,,,,Vanguard,1|1|0,,,,,93580|93581|93582,2|1|1,,,,,,,,,,,,,,Non Woven Paste the Wall,5|1|0,,,,,,,,,,,,,,,,,,,,,,,,,,,,,,,,,,,,,,,,,Due in 5-7 Days.Order Now!,11|1|0,,,,,,,,,,,Modern Contemporary,3|1|0,,,,,,,,,,,,,,,,,,,,,,,,,,,,,,,,,,,,,,,,,,,,,,,,,,,,,,,,,,,,,,,,,,,,,,,,,,,,,,,,,,,,,,,,,,,,,,,,,,,,,,,,,,,,,,,,,,,,,,,,,,,,,,,,,,,,,,,,,,,,,,,,,,,,,,,,,,,,,,,,,,,,,,,,,,,,,,,,,,,,,,,,,,,,,,,,,,,,,,,,,,,Free Match,6|1|0,,,,,,,,,,,,,,,,,,,,,,,,,,,,,,,,,,,,,,,,,Belgium,9|1|0,,,,,,,,,,,Motif,4|1|0,,,,,,,,,,,,,,,,,,,,,,,,,,,,,,,,,,,,,,,,,,,,,,,,,,,,,,,,,,,,,,,,,,,,,,,,,,,,,,,,,,,,,,,,,,,,,,,,,,,,,,,,,,,,,,,,,,,,,,,,,,,,,,,,,,,,,,,,,,,,,,,,,,,,,,,,,,,,,,,,,,,,,,,,,,,,,,,,,,,,,,,,,,,,,,,,,,,,,,,,,,,,,,,,,0Cm,7|1|0,,,,,,,,,,,,,,,,,,,,,,,,,,,,,,,,,,,,,,,,,90Cm,8|1|0,,,,,,,,,,,,,
Arte Wallpaper Expressionist,arte-wallpaper-expressionist,,999517602,"Expressionist, printed on a high-tech mesh textile, invokes 'modern painting' and stimulates all the senses. The relief, the texture, the flexibility of the fabric√Ç¬¨√É‚Äû√Ç¬¨√Ç¬∂ an unconventional material in an explosive colour palette with bold combinations.","<h1>Care Code</h1><p><img align=""baseline"" alt=""imageedit 5 2242489781"" height=""133"" src=""https://inspiry.co.nz/wp-content/uploads/2020/09/imageedit_5_2242489781.png"" title=""imageedit 5 2242489781"" width=""127"" /></p><h1>Care CodeGuide</h1><p><span style=""font-size: 1em;"">Careful and regular maintenance is the key to prolonging the life and retaining the appearance of soft furnishings. The following notes are offered as a brief guide on the care and cleaning of wallpaper.<br /><br />Please click </span><strong style=""font-size: 1em;""><a href=""https://inspiry.co.nz/wp-content/uploads/2020/09/Inspiry-Wallpaper-Care-Guide.pdf""><span style=""color:#ff0033;"">here</span><span style=""color:#696969;""> </span></a></strong><span style=""font-size: 1em;"">to download.</span>",publish,,0,10/03/22 15:02,1049,open,UF-93600-P,,,no,no,,750,,1.3,60,8.5,60,,instock,no,no,,no,taxable,,,no,,,,,,,,https://inspiry.co.nz/wp-content/uploads/2022/03/UF-93600-5.jpg ! alt : Arte Wallpaper Expressionist  ! title : Arte Wallpaper Expressionist  1 ! desc :  ! caption :  | https://inspiry.co.nz/wp-content/uploads/2022/03/UF-93600-1-3.jpg ! alt : Arte Wallpaper Expressionist  ! title : Arte Wallpaper Expressionist  2 ! desc :  ! caption :  | https://inspiry.co.nz/wp-content/uploads/2022/03/UF-93600-2-3.jpg ! alt : Arte Wallpaper Expressionist  ! title : Arte Wallpaper Expressionist  3 ! desc :  ! caption : ,,https://inspiry.co.nz/products/arte-wallpaper-expressionist/,,,,,,,,,,,,variable,exclude_from_catalog|exclude_from_search,Best Sellers|Wallpaper,,Free Shipping,,,,,,yes,,2022-03-12T17:09:04+00:00,,0,,,,,,,,,,,,,,,,,,,,,,,,,,,,,,,,,,,,,,,,,,,,,,,,,,,,,,,,,,,,,,,,,,,,,,,,,,,,,,,,,,,,,,,,,,,,,,Due in 5-7 Days.Order Now!,10|1|0,,,,,,,,,,,,,,,,,,,,,,,,,,,,,,,,,,,,,,Arte Wallpaper,0|1|0,,,,,,,,,,,,,,,,,,,,,,,,,,,,,,,,,,,,,,,,,Vanguard,1|1|0,,,,,93600|93601|93602,2|1|1,,,,,,,,,,,,,,"Back - Non-Woven, Paste The Wall Front -100% Polyester",5|1|0,,,,,,,,,,,,,,,,,,,,,,,,,,,,,,,,,,,,,,,,,Due in 5-7 Days.Order Now!,11|1|0,,,,,,,,,,,Modern Contemporary,3|1|0,,,,,,,,,,,,,,,,,,,,,,,,,,,,,,,,,,,,,,,,,,,,,,,,,,,,,,,,,,,,,,,,,,,,,,,,,,,,,,,,,,,,,,,,,,,,,,,,,,,,,,,,,,,,,,,,,,,,,,,,,,,,,,,,,,,,,,,,,,,,,,,,,,,,,,,,,,,,,,,,,,,,,,,,,,,,,,,,,,,,,,,,,,,,,,,,,,,,,,,,,,,Drop Match,6|1|0,,,,,,,,,,,,,,,,,,,,,,,,,,,,,,,,,,,,,,,,,Belgium,9|1|0,,,,,,,,,,,Motif,4|1|0,,,,,,,,,,,,,,,,,,,,,,,,,,,,,,,,,,,,,,,,,,,,,,,,,,,,,,,,,,,,,,,,,,,,,,,,,,,,,,,,,,,,,,,,,,,,,,,,,,,,,,,,,,,,,,,,,,,,,,,,,,,,,,,,,,,,,,,,,,,,,,,,,,,,,,,,,,,,,,,,,,,,,,,,,,,,,,,,,,,,,,,,,,,,,,,,,,,,,,,,,,,,,,,,,92/46Cm,7|1|0,,,,,,,,,,,,,,,,,,,,,,,,,,,,,,,,,,,,,,,,,130Cm,8|1|0,,,,,,,,,,,,,
Arte Wallpaper Feroz,arte-wallpaper-feroz,,999517606,Feroz. The stylised jungle flora of the Feroz pattern hides monkeys and jaguars peering out from their natural habitat. Showcasing floral prints in a contemporary and classical format. An exclusive designer wallpaper,"<h1>Care Code</h1><p><img align=""baseline"" alt=""imageedit 5 2242489781"" height=""133"" src=""https://inspiry.co.nz/wp-content/uploads/2020/09/imageedit_5_2242489781.png"" title=""imageedit 5 2242489781"" width=""127"" /></p><h1>Care CodeGuide</h1><p><span style=""font-size: 1em;"">Careful and regular maintenance is the key to prolonging the life and retaining the appearance of soft furnishings. The following notes are offered as a brief guide on the care and cleaning of wallpaper.<br /><br />Please click </span><strong style=""font-size: 1em;""><a href=""https://inspiry.co.nz/wp-content/uploads/2020/09/Inspiry-Wallpaper-Care-Guide.pdf""><span style=""color:#ff0033;"">here</span><span style=""color:#696969;""> </span></a></strong><span style=""font-size: 1em;"">to download.</span>",publish,,0,10/03/22 15:02,1049,open,UF-FP1011-P,,,no,no,,589,,1.3,60,8.5,60,,instock,no,no,,no,taxable,,,no,,,,,,,,https://inspiry.co.nz/wp-content/uploads/2022/03/UF-FP1011-5.jpg ! alt : Arte Wallpaper Feroz  ! title : Arte Wallpaper Feroz  1 ! desc :  ! caption :  | https://inspiry.co.nz/wp-content/uploads/2022/03/UF-FP1011-1-3.jpg ! alt : Arte Wallpaper Feroz  ! title : Arte Wallpaper Feroz  2 ! desc :  ! caption :  | https://inspiry.co.nz/wp-content/uploads/2022/03/UF-FP1011-2-3.jpg ! alt : Arte Wallpaper Feroz  ! title : Arte Wallpaper Feroz  3 ! desc :  ! caption : ,,https://inspiry.co.nz/products/arte-wallpaper-feroz/,,,,,,,,,,,,variable,exclude_from_catalog|exclude_from_search,Wallpaper,,Free Shipping,,,,,,yes,,2022-03-12T17:09:05+00:00,,0,,,,,,,,,,,,,,,,,,,,,,,,,,,,,,,,,,,,,,,,,,,,,,,,,,,,,,,,,,,,,,,,,,,,,,,,,,,,,,,,,,,,,,,,,,,,,,Due in 5-7 Days.Order Now!,12|1|0,,,,,,,,,,,,,,,,,,,,,,,,,,,,,,,,,,,,,,Arte Wallpaper,0|1|0,,,,,,,,,,,,,,,,,,,,,,,,,,,,,,,,,,,,,,,,,Flavor Paper,1|1|0,,,,,Fp1011|Fp1012|Fp1013,2|1|1,,,,,,,,,,,,,,100% Non Woven,5|1|0,,,,,,,,,,,,,,,,,,,,,,,,,,,,,,,,,,,,,,,,,Due in 5-7 Days.Order Now!,13|1|0,,,,,,,,,,,Modern Contemporary,3|1|0,,,,,,,,,,,,,,,,,,,,,,,,,,,,,,,,,,,,,,,,,,,,,,,,,,,,,,,,,,,,,,,,,,,,,,,,,,,,,,,,,,,,,,,,,,,,,,,,,,,,,,,,,,,,,,,,,,,,,,,,,,,,,,,,,,,,,,,,,,,,,,,,,,,,,,,,,,,,,,,,,,,,,,,,,,,,,,,,,,,,,,,,,,,,,,,,,,,,,,,,,,,Drop Match,6|1|0,,,,,,,,,,,,,,,,,,,,,,,,,,,,,,,,,,,,,,,,,Belgium,11|1|0,,,,,,,,,,,Animals &amp; Nature,4|1|0,,,,,,,,,,,,,,,,,,,,,,,,,,,,,,,,,,,,,,,,,,,,,,,,,,,,,,,,,,,,,,,,,10.05 Metre,9|1|0,,,,,,,,,,,,,,,,,,,,,,,,,,,,,,,,,,,,,,,,,,,,,,,,,,,,,,,,,,,,,,Roll,10|1|0,,,,,,,,,,,,,,,,,,,,,,,,,,,,,,,,,,,,,,,,,,,,,,,,,,,,,,,,,,,,,,,,,,,,,,,,,,,,,,,,128/64Cm,7|1|0,,,,,,,,,,,,,,,,,,,,,,,,,,,,,,,,,,,,,,,,,70Cm,8|1|0,,,,,,,,,,,,,
Arte Wallpaper Starglint,arte-wallpaper-starglint,,999517610,Starglint. The light reflection on Starglint evokes lightly rippling water. The glossy background exudes luxury. A glittering design. An exlusive designr wallpaper.,"<h1>Care Code</h1><p><img align=""baseline"" alt=""imageedit 5 2242489781"" height=""133"" src=""https://inspiry.co.nz/wp-content/uploads/2020/09/imageedit_5_2242489781.png"" title=""imageedit 5 2242489781"" width=""127"" /></p><h1>Care CodeGuide</h1><p><span style=""font-size: 1em;"">Careful and regular maintenance is the key to prolonging the life and retaining the appearance of soft furnishings. The following notes are offered as a brief guide on the care and cleaning of wallpaper.<br /><br />Please click </span><strong style=""font-size: 1em;""><a href=""https://inspiry.co.nz/wp-content/uploads/2020/09/Inspiry-Wallpaper-Care-Guide.pdf""><span style=""color:#ff0033;"">here</span><span style=""color:#696969;""> </span></a></strong><span style=""font-size: 1em;"">to download.</span>",publish,,0,10/03/22 15:02,1049,open,UF-FP1021-P,,,no,no,,899,,1.3,60,8.5,60,,instock,no,no,,no,taxable,,,no,,,,,,,,https://inspiry.co.nz/wp-content/uploads/2022/03/UF-FP1021-6.jpg ! alt : Arte Wallpaper Starglint  ! title : Arte Wallpaper Starglint  1 ! desc :  ! caption :  | https://inspiry.co.nz/wp-content/uploads/2022/03/UF-FP1021-1-3.jpg ! alt : Arte Wallpaper Starglint  ! title : Arte Wallpaper Starglint  2 ! desc :  ! caption :  | https://inspiry.co.nz/wp-content/uploads/2022/03/UF-FP1021-2-3.jpg ! alt : Arte Wallpaper Starglint  ! title : Arte Wallpaper Starglint  3 ! desc :  ! caption :  | https://inspiry.co.nz/wp-content/uploads/2022/03/UF-FP1021-3-3.jpg ! alt : Arte Wallpaper Starglint  ! title : Arte Wallpaper Starglint  4 ! desc :  ! caption : ,,https://inspiry.co.nz/products/arte-wallpaper-starglint/,,,,,,,,,,,,variable,exclude_from_catalog|exclude_from_search,Wallpaper,,Free Shipping,,,,,,yes,,2022-03-12T17:09:06+00:00,,0,,,,,,,,,,,,,,,,,,,,,,,,,,,,,,,,,,,,,,,,,,,,,,,,,,,,,,,,,,,,,,,,,,,,,,,,,,,,,,,,,,,,,,,,,,,,,,Due in 5-7 Days.Order Now!,12|1|0,,,,,,,,,,,,,,,,,,,,,,,,,,,,,,,,,,,,,,Arte Wallpaper,0|1|0,,,,,,,,,,,,,,,,,,,,,,,,,,,,,,,,,,,,,,,,,Flavor Paper,1|1|0,,,,,Fp1021|Fp1022,2|1|1,,,,,,,,,,,,,,100% Non Woven,5|1|0,,,,,,,,,,,,,,,,,,,,,,,,,,,,,,,,,,,,,,,,,Due in 5-7 Days.Order Now!,13|1|0,,,,,,,,,,,Modern Contemporary,3|1|0,,,,,,,,,,,,,,,,,,,,,,,,,,,,,,,,,,,,,,,,,,,,,,,,,,,,,,,,,,,,,,,,,,,,,,,,,,,,,,,,,,,,,,,,,,,,,,,,,,,,,,,,,,,,,,,,,,,,,,,,,,,,,,,,,,,,,,,,,,,,,,,,,,,,,,,,,,,,,,,,,,,,,,,,,,,,,,,,,,,,,,,,,,,,,,,,,,,,,,,,,,,Drop Match,6|1|0,,,,,,,,,,,,,,,,,,,,,,,,,,,,,,,,,,,,,,,,,Belgium,11|1|0,,,,,,,,,,,Texture,4|1|0,,,,,,,,,,,,,,,,,,,,,,,,,,,,,,,,,,,,,,,,,,,,,,,,,,,,,,,,,,,,,,,,,10.05 Metre,9|1|0,,,,,,,,,,,,,,,,,,,,,,,,,,,,,,,,,,,,,,,,,,,,,,,,,,,,,,,,,,,,,,Roll,10|1|0,,,,,,,,,,,,,,,,,,,,,,,,,,,,,,,,,,,,,,,,,,,,,,,,,,,,,,,,,,,,,,,,,,,,,,,,,,,,,,,,91/45.5Cm,7|1|0,,,,,,,,,,,,,,,,,,,,,,,,,,,,,,,,,,,,,,,,,70Cm,8|1|0,,,,,,,,,,,,,
Arte Wallpaper Flower Of Love,arte-wallpaper-flower-of-love,,999517615,Flower of Love. Art Nouveau meets 1960s psychedelia. This alluring pattern appears to be full of gnarled roots in the quest for water.,"<h1>Care Code</h1><p><img align=""baseline"" alt=""imageedit 5 2242489781"" height=""133"" src=""https://inspiry.co.nz/wp-content/uploads/2020/09/imageedit_5_2242489781.png"" title=""imageedit 5 2242489781"" width=""127"" /></p><h1>Care CodeGuide</h1><p><span style=""font-size: 1em;"">Careful and regular maintenance is the key to prolonging the life and retaining the appearance of soft furnishings. The following notes are offered as a brief guide on the care and cleaning of wallpaper.<br /><br />Please click </span><strong style=""font-size: 1em;""><a href=""https://inspiry.co.nz/wp-content/uploads/2020/09/Inspiry-Wallpaper-Care-Guide.pdf""><span style=""color:#ff0033;"">here</span><span style=""color:#696969;""> </span></a></strong><span style=""font-size: 1em;"">to download.</span>",publish,,0,10/03/22 15:02,1049,open,UF-FP1031-P,,,no,no,,589,,1.3,60,8.5,60,,instock,no,no,,no,taxable,,,no,,,,,,,,https://inspiry.co.nz/wp-content/uploads/2022/03/UF-FP1031-6.jpg ! alt : Arte Wallpaper Flower Of Love  ! title : Arte Wallpaper Flower Of Love  1 ! desc :  ! caption :  | https://inspiry.co.nz/wp-content/uploads/2022/03/UF-FP1031-1-3.jpg ! alt : Arte Wallpaper Flower Of Love  ! title : Arte Wallpaper Flower Of Love  2 ! desc :  ! caption :  | https://inspiry.co.nz/wp-content/uploads/2022/03/UF-FP1031-2-3.jpg ! alt : Arte Wallpaper Flower Of Love  ! title : Arte Wallpaper Flower Of Love  3 ! desc :  ! caption :  | https://inspiry.co.nz/wp-content/uploads/2022/03/UF-FP1031-3-3.jpg ! alt : Arte Wallpaper Flower Of Love  ! title : Arte Wallpaper Flower Of Love  4 ! desc :  ! caption : ,,https://inspiry.co.nz/products/arte-wallpaper-flower-of-love/,,,,,,,,,,,,variable,exclude_from_catalog|exclude_from_search,Best Sellers|Wallpaper,,Free Shipping,,,,,,yes,,2022-03-12T17:09:07+00:00,,0,,,,,,,,,,,,,,,,,,,,,,,,,,,,,,,,,,,,,,,,,,,,,,,,,,,,,,,,,,,,,,,,,,,,,,,,,,,,,,,,,,,,,,,,,,,,,,Due in 5-7 Days.Order Now!,12|1|0,,,,,,,,,,,,,,,,,,,,,,,,,,,,,,,,,,,,,,Arte Wallpaper,0|1|0,,,,,,,,,,,,,,,,,,,,,,,,,,,,,,,,,,,,,,,,,Flavor Paper,1|1|0,,,,,Fp1031|Fp1032,2|1|1,,,,,,,,,,,,,,100% Non Woven,5|1|0,,,,,,,,,,,,,,,,,,,,,,,,,,,,,,,,,,,,,,,,,Due in 5-7 Days.Order Now!,13|1|0,,,,,,,,,,,Modern Contemporary,3|1|0,,,,,,,,,,,,,,,,,,,,,,,,,,,,,,,,,,,,,,,,,,,,,,,,,,,,,,,,,,,,,,,,,,,,,,,,,,,,,,,,,,,,,,,,,,,,,,,,,,,,,,,,,,,,,,,,,,,,,,,,,,,,,,,,,,,,,,,,,,,,,,,,,,,,,,,,,,,,,,,,,,,,,,,,,,,,,,,,,,,,,,,,,,,,,,,,,,,,,,,,,,,Drop Match,6|1|0,,,,,,,,,,,,,,,,,,,,,,,,,,,,,,,,,,,,,,,,,Belgium,11|1|0,,,,,,,,,,,Art,4|1|0,,,,,,,,,,,,,,,,,,,,,,,,,,,,,,,,,,,,,,,,,,,,,,,,,,,,,,,,,,,,,,,,,10.05 Metre,9|1|0,,,,,,,,,,,,,,,,,,,,,,,,,,,,,,,,,,,,,,,,,,,,,,,,,,,,,,,,,,,,,,Roll,10|1|0,,,,,,,,,,,,,,,,,,,,,,,,,,,,,,,,,,,,,,,,,,,,,,,,,,,,,,,,,,,,,,,,,,,,,,,,,,,,,,,,128/64Cm,7|1|0,,,,,,,,,,,,,,,,,,,,,,,,,,,,,,,,,,,,,,,,,70Cm,8|1|0,,,,,,,,,,,,,
Arte Wallpaper Iris,arte-wallpaper-iris,,999517620,Iris. This supersized ode to Van Gogh's renowned irises presents a breath-taking floral realm. An exclusive designer wallpaper.,"<h1>Care Code</h1><p><img align=""baseline"" alt=""imageedit 5 2242489781"" height=""133"" src=""https://inspiry.co.nz/wp-content/uploads/2020/09/imageedit_5_2242489781.png"" title=""imageedit 5 2242489781"" width=""127"" /></p><h1>Care CodeGuide</h1><p><span style=""font-size: 1em;"">Careful and regular maintenance is the key to prolonging the life and retaining the appearance of soft furnishings. The following notes are offered as a brief guide on the care and cleaning of wallpaper.<br /><br />Please click </span><strong style=""font-size: 1em;""><a href=""https://inspiry.co.nz/wp-content/uploads/2020/09/Inspiry-Wallpaper-Care-Guide.pdf""><span style=""color:#ff0033;"">here</span><span style=""color:#696969;""> </span></a></strong><span style=""font-size: 1em;"">to download.</span>",publish,,0,10/03/22 15:02,1049,open,UF-FP1041-P,,,no,no,,589,,1.3,60,8.5,60,,instock,no,no,,no,taxable,,,no,,,,,,,,https://inspiry.co.nz/wp-content/uploads/2022/03/UF-FP1041-5.jpg ! alt : Arte Wallpaper Iris  ! title : Arte Wallpaper Iris  1 ! desc :  ! caption :  | https://inspiry.co.nz/wp-content/uploads/2022/03/UF-FP1041-1-3.jpg ! alt : Arte Wallpaper Iris  ! title : Arte Wallpaper Iris  2 ! desc :  ! caption :  | https://inspiry.co.nz/wp-content/uploads/2022/03/UF-FP1041-2-3.jpg ! alt : Arte Wallpaper Iris  ! title : Arte Wallpaper Iris  3 ! desc :  ! caption : ,,https://inspiry.co.nz/products/arte-wallpaper-iris/,,,,,,,,,,,,variable,exclude_from_catalog|exclude_from_search,Wallpaper,,Free Shipping,,,,,,yes,,2022-03-12T17:09:09+00:00,,0,,,,,,,,,,,,,,,,,,,,,,,,,,,,,,,,,,,,,,,,,,,,,,,,,,,,,,,,,,,,,,,,,,,,,,,,,,,,,,,,,,,,,,,,,,,,,,Due in 5-7 Days.Order Now!,12|1|0,,,,,,,,,,,,,,,,,,,,,,,,,,,,,,,,,,,,,,Arte Wallpaper,0|1|0,,,,,,,,,,,,,,,,,,,,,,,,,,,,,,,,,,,,,,,,,Flavor Paper,1|1|0,,,,,Fp1041|Fp1042|Fp1043,2|1|1,,,,,,,,,,,,,,100% Non Woven,5|1|0,,,,,,,,,,,,,,,,,,,,,,,,,,,,,,,,,,,,,,,,,Due in 5-7 Days.Order Now!,13|1|0,,,,,,,,,,,Modern Contemporary,3|1|0,,,,,,,,,,,,,,,,,,,,,,,,,,,,,,,,,,,,,,,,,,,,,,,,,,,,,,,,,,,,,,,,,,,,,,,,,,,,,,,,,,,,,,,,,,,,,,,,,,,,,,,,,,,,,,,,,,,,,,,,,,,,,,,,,,,,,,,,,,,,,,,,,,,,,,,,,,,,,,,,,,,,,,,,,,,,,,,,,,,,,,,,,,,,,,,,,,,,,,,,,,,Drop Match,6|1|0,,,,,,,,,,,,,,,,,,,,,,,,,,,,,,,,,,,,,,,,,Belgium,11|1|0,,,,,,,,,,,Floral,4|1|0,,,,,,,,,,,,,,,,,,,,,,,,,,,,,,,,,,,,,,,,,,,,,,,,,,,,,,,,,,,,,,,,,10.05 Metre,9|1|0,,,,,,,,,,,,,,,,,,,,,,,,,,,,,,,,,,,,,,,,,,,,,,,,,,,,,,,,,,,,,,Roll,10|1|0,,,,,,,,,,,,,,,,,,,,,,,,,,,,,,,,,,,,,,,,,,,,,,,,,,,,,,,,,,,,,,,,,,,,,,,,,,,,,,,,128/64Cm,7|1|0,,,,,,,,,,,,,,,,,,,,,,,,,,,,,,,,,,,,,,,,,70Cm,8|1|0,,,,,,,,,,,,,
Arte Wallpaper Vigilant Floral,arte-wallpaper-vigilant-floral,,999517624,"Vigilant Floral. You're being watched! Security cameras are to be found everywhere nowadays, even in the most unexpected of places. Humour clearly played a key role when creating Vigilant Floral. An exclusive designer wallpaper.","<h1>Care Code</h1><p><img align=""baseline"" alt=""imageedit 5 2242489781"" height=""133"" src=""https://inspiry.co.nz/wp-content/uploads/2020/09/imageedit_5_2242489781.png"" title=""imageedit 5 2242489781"" width=""127"" /></p><h1>Care CodeGuide</h1><p><span style=""font-size: 1em;"">Careful and regular maintenance is the key to prolonging the life and retaining the appearance of soft furnishings. The following notes are offered as a brief guide on the care and cleaning of wallpaper.<br /><br />Please click </span><strong style=""font-size: 1em;""><a href=""https://inspiry.co.nz/wp-content/uploads/2020/09/Inspiry-Wallpaper-Care-Guide.pdf""><span style=""color:#ff0033;"">here</span><span style=""color:#696969;""> </span></a></strong><span style=""font-size: 1em;"">to download.</span>",publish,,0,10/03/22 15:02,1049,open,UF-FP1051-P,,,no,no,,589,,1.3,60,8.5,60,,instock,no,no,,no,taxable,,,no,,,,,,,,https://inspiry.co.nz/wp-content/uploads/2022/03/UF-FP1051-4.jpg ! alt : Arte Wallpaper Vigilant Floral  ! title : Arte Wallpaper Vigilant Floral  1 ! desc :  ! caption :  | https://inspiry.co.nz/wp-content/uploads/2022/03/UF-FP1051-1-3.jpg ! alt : Arte Wallpaper Vigilant Floral  ! title : Arte Wallpaper Vigilant Floral  2 ! desc :  ! caption : ,,https://inspiry.co.nz/products/arte-wallpaper-vigilant-floral/,,,,,,,,,,,,variable,exclude_from_catalog|exclude_from_search,Wallpaper,,Free Shipping,,,,,,yes,,2022-03-12T17:09:10+00:00,,0,,,,,,,,,,,,,,,,,,,,,,,,,,,,,,,,,,,,,,,,,,,,,,,,,,,,,,,,,,,,,,,,,,,,,,,,,,,,,,,,,,,,,,,,,,,,,,Due in 5-7 Days.Order Now!,12|1|0,,,,,,,,,,,,,,,,,,,,,,,,,,,,,,,,,,,,,,Arte Wallpaper,0|1|0,,,,,,,,,,,,,,,,,,,,,,,,,,,,,,,,,,,,,,,,,Flavor Paper,1|1|0,,,,,Fp1051|Fp1052,2|1|1,,,,,,,,,,,,,,100% Non Woven,5|1|0,,,,,,,,,,,,,,,,,,,,,,,,,,,,,,,,,,,,,,,,,Due in 5-7 Days.Order Now!,13|1|0,,,,,,,,,,,Modern Contemporary,3|1|0,,,,,,,,,,,,,,,,,,,,,,,,,,,,,,,,,,,,,,,,,,,,,,,,,,,,,,,,,,,,,,,,,,,,,,,,,,,,,,,,,,,,,,,,,,,,,,,,,,,,,,,,,,,,,,,,,,,,,,,,,,,,,,,,,,,,,,,,,,,,,,,,,,,,,,,,,,,,,,,,,,,,,,,,,,,,,,,,,,,,,,,,,,,,,,,,,,,,,,,,,,,Drop Match,6|1|0,,,,,,,,,,,,,,,,,,,,,,,,,,,,,,,,,,,,,,,,,Belgium,11|1|0,,,,,,,,,,,Floral,4|1|0,,,,,,,,,,,,,,,,,,,,,,,,,,,,,,,,,,,,,,,,,,,,,,,,,,,,,,,,,,,,,,,,,10.05 Metre,9|1|0,,,,,,,,,,,,,,,,,,,,,,,,,,,,,,,,,,,,,,,,,,,,,,,,,,,,,,,,,,,,,,Roll,10|1|0,,,,,,,,,,,,,,,,,,,,,,,,,,,,,,,,,,,,,,,,,,,,,,,,,,,,,,,,,,,,,,,,,,,,,,,,,,,,,,,,128/64Cm,7|1|0,,,,,,,,,,,,,,,,,,,,,,,,,,,,,,,,,,,,,,,,,70Cm,8|1|0,,,,,,,,,,,,,
Arte Wallpaper Mustachio,arte-wallpaper-mustachio,,999517627,"Mustachio. We moustache you a question: perhaps this moustache ensemble takes your fancy? The silver moustaches are available against a coloured or white background. If you're after a more silky-soft touch, why not opt for the velvet moustaches! An exclusive designer wallpaper.","<h1>Care Code</h1><p><img align=""baseline"" alt=""imageedit 5 2242489781"" height=""133"" src=""https://inspiry.co.nz/wp-content/uploads/2020/09/imageedit_5_2242489781.png"" title=""imageedit 5 2242489781"" width=""127"" /></p><h1>Care CodeGuide</h1><p><span style=""font-size: 1em;"">Careful and regular maintenance is the key to prolonging the life and retaining the appearance of soft furnishings. The following notes are offered as a brief guide on the care and cleaning of wallpaper.<br /><br />Please click </span><strong style=""font-size: 1em;""><a href=""https://inspiry.co.nz/wp-content/uploads/2020/09/Inspiry-Wallpaper-Care-Guide.pdf""><span style=""color:#ff0033;"">here</span><span style=""color:#696969;""> </span></a></strong><span style=""font-size: 1em;"">to download.</span>",publish,,0,10/03/22 15:02,1049,open,UF-FP1061-P,,,no,no,,899,,1.3,60,8.5,60,,instock,no,no,,no,taxable,,,no,,,,,,,,https://inspiry.co.nz/wp-content/uploads/2022/03/UF-FP1061-6.jpg ! alt : Arte Wallpaper Mustachio  ! title : Arte Wallpaper Mustachio  1 ! desc :  ! caption :  | https://inspiry.co.nz/wp-content/uploads/2022/03/UF-FP1061-1-3.jpg ! alt : Arte Wallpaper Mustachio  ! title : Arte Wallpaper Mustachio  2 ! desc :  ! caption :  | https://inspiry.co.nz/wp-content/uploads/2022/03/UF-FP1061-2-3.jpg ! alt : Arte Wallpaper Mustachio  ! title : Arte Wallpaper Mustachio  3 ! desc :  ! caption :  | https://inspiry.co.nz/wp-content/uploads/2022/03/UF-FP1061-3-2.jpg ! alt : Arte Wallpaper Mustachio  ! title : Arte Wallpaper Mustachio  4 ! desc :  ! caption : ,,https://inspiry.co.nz/products/arte-wallpaper-mustachio/,,,,,,,,,,,,variable,exclude_from_catalog|exclude_from_search,Wallpaper,,Free Shipping,,,,,,yes,,2022-03-12T17:09:12+00:00,,0,,,,,,,,,,,,,,,,,,,,,,,,,,,,,,,,,,,,,,,,,,,,,,,,,,,,,,,,,,,,,,,,,,,,,,,,,,,,,,,,,,,,,,,,,,,,,,Due in 5-7 Days.Order Now!,12|1|0,,,,,,,,,,,,,,,,,,,,,,,,,,,,,,,,,,,,,,Arte Wallpaper,0|1|0,,,,,,,,,,,,,,,,,,,,,,,,,,,,,,,,,,,,,,,,,Flavor Paper,1|1|0,,,,,Fp1061|Fp1062|Fp1063,2|1|1,,,,,,,,,,,,,,100% Non Woven,5|1|0,,,,,,,,,,,,,,,,,,,,,,,,,,,,,,,,,,,,,,,,,Due in 5-7 Days.Order Now!,13|1|0,,,,,,,,,,,Modern Contemporary,3|1|0,,,,,,,,,,,,,,,,,,,,,,,,,,,,,,,,,,,,,,,,,,,,,,,,,,,,,,,,,,,,,,,,,,,,,,,,,,,,,,,,,,,,,,,,,,,,,,,,,,,,,,,,,,,,,,,,,,,,,,,,,,,,,,,,,,,,,,,,,,,,,,,,,,,,,,,,,,,,,,,,,,,,,,,,,,,,,,,,,,,,,,,,,,,,,,,,,,,,,,,,,,,Straight Match,6|1|0,,,,,,,,,,,,,,,,,,,,,,,,,,,,,,,,,,,,,,,,,Belgium,11|1|0,,,,,,,,,,,Motif,4|1|0,,,,,,,,,,,,,,,,,,,,,,,,,,,,,,,,,,,,,,,,,,,,,,,,,,,,,,,,,,,,,,,,,10.05 Metre,9|1|0,,,,,,,,,,,,,,,,,,,,,,,,,,,,,,,,,,,,,,,,,,,,,,,,,,,,,,,,,,,,,,Roll,10|1|0,,,,,,,,,,,,,,,,,,,,,,,,,,,,,,,,,,,,,,,,,,,,,,,,,,,,,,,,,,,,,,,,,,,,,,,,,,,,,,,,32Cm,7|1|0,,,,,,,,,,,,,,,,,,,,,,,,,,,,,,,,,,,,,,,,,70Cm,8|1|0,,,,,,,,,,,,,
Arte Wallpaper City Park,arte-wallpaper-city-park,,999517632,"City Park. A classical damask pattern subtly interjected with urban elements, such as parking meters, fire hydrants and  of course  a few rats. An exclusive designer wallpaper","<h1>Care Code</h1><p><img align=""baseline"" alt=""imageedit 5 2242489781"" height=""133"" src=""https://inspiry.co.nz/wp-content/uploads/2020/09/imageedit_5_2242489781.png"" title=""imageedit 5 2242489781"" width=""127"" /></p><h1>Care CodeGuide</h1><p><span style=""font-size: 1em;"">Careful and regular maintenance is the key to prolonging the life and retaining the appearance of soft furnishings. The following notes are offered as a brief guide on the care and cleaning of wallpaper.<br /><br />Please click </span><strong style=""font-size: 1em;""><a href=""https://inspiry.co.nz/wp-content/uploads/2020/09/Inspiry-Wallpaper-Care-Guide.pdf""><span style=""color:#ff0033;"">here</span><span style=""color:#696969;""> </span></a></strong><span style=""font-size: 1em;"">to download.</span>",publish,,0,10/03/22 15:02,1049,open,UF-FP1071-P,,,no,no,,589,,1.3,60,8.5,60,,instock,no,no,,no,taxable,,,no,,,,,,,,https://inspiry.co.nz/wp-content/uploads/2022/03/UF-FP1071-5.jpg ! alt : Arte Wallpaper City Park  ! title : Arte Wallpaper City Park  1 ! desc :  ! caption :  | https://inspiry.co.nz/wp-content/uploads/2022/03/UF-FP1071-1-2.jpg ! alt : Arte Wallpaper City Park  ! title : Arte Wallpaper City Park  2 ! desc :  ! caption :  | https://inspiry.co.nz/wp-content/uploads/2022/03/UF-FP1071-2-2.jpg ! alt : Arte Wallpaper City Park  ! title : Arte Wallpaper City Park  3 ! desc :  ! caption :  | https://inspiry.co.nz/wp-content/uploads/2022/03/UF-FP1071-3-2.jpg ! alt : Arte Wallpaper City Park  ! title : Arte Wallpaper City Park  4 ! desc :  ! caption : ,,https://inspiry.co.nz/products/arte-wallpaper-city-park/,,,,,,,,,,,,variable,exclude_from_catalog|exclude_from_search,Wallpaper,,Free Shipping,,,,,,yes,,2022-03-12T17:09:13+00:00,,0,,,,,,,,,,,,,,,,,,,,,,,,,,,,,,,,,,,,,,,,,,,,,,,,,,,,,,,,,,,,,,,,,,,,,,,,,,,,,,,,,,,,,,,,,,,,,,Due in 5-7 Days.Order Now!,12|1|0,,,,,,,,,,,,,,,,,,,,,,,,,,,,,,,,,,,,,,Arte Wallpaper,0|1|0,,,,,,,,,,,,,,,,,,,,,,,,,,,,,,,,,,,,,,,,,Flavor Paper,1|1|0,,,,,Fp1071|Fp1072,2|1|1,,,,,,,,,,,,,,100% Non Woven,5|1|0,,,,,,,,,,,,,,,,,,,,,,,,,,,,,,,,,,,,,,,,,Due in 5-7 Days.Order Now!,13|1|0,,,,,,,,,,,Modern Contemporary,3|1|0,,,,,,,,,,,,,,,,,,,,,,,,,,,,,,,,,,,,,,,,,,,,,,,,,,,,,,,,,,,,,,,,,,,,,,,,,,,,,,,,,,,,,,,,,,,,,,,,,,,,,,,,,,,,,,,,,,,,,,,,,,,,,,,,,,,,,,,,,,,,,,,,,,,,,,,,,,,,,,,,,,,,,,,,,,,,,,,,,,,,,,,,,,,,,,,,,,,,,,,,,,,Straight Match,6|1|0,,,,,,,,,,,,,,,,,,,,,,,,,,,,,,,,,,,,,,,,,Belgium,11|1|0,,,,,,,,,,,Motif,4|1|0,,,,,,,,,,,,,,,,,,,,,,,,,,,,,,,,,,,,,,,,,,,,,,,,,,,,,,,,,,,,,,,,,10.05 Metre,9|1|0,,,,,,,,,,,,,,,,,,,,,,,,,,,,,,,,,,,,,,,,,,,,,,,,,,,,,,,,,,,,,,Roll,10|1|0,,,,,,,,,,,,,,,,,,,,,,,,,,,,,,,,,,,,,,,,,,,,,,,,,,,,,,,,,,,,,,,,,,,,,,,,,,,,,,,,45.7Cm,7|1|0,,,,,,,,,,,,,,,,,,,,,,,,,,,,,,,,,,,,,,,,,70Cm,8|1|0,,,,,,,,,,,,,
Arte Wallpaper Snake Bit,arte-wallpaper-snake-bit,,999517637,"Snake Bit. The inspiration for Snake Bit came from the Arizona and New Mexico deserts. You see, these areas are often strewn with all manner of animal skeletal remains. Nonetheless, he managed to create a rich, complex pattern, like a composition of delicate jewels. An exclusive designer wallpaper.","<h1>Care Code</h1><p><img align=""baseline"" alt=""imageedit 5 2242489781"" height=""133"" src=""https://inspiry.co.nz/wp-content/uploads/2020/09/imageedit_5_2242489781.png"" title=""imageedit 5 2242489781"" width=""127"" /></p><h1>Care CodeGuide</h1><p><span style=""font-size: 1em;"">Careful and regular maintenance is the key to prolonging the life and retaining the appearance of soft furnishings. The following notes are offered as a brief guide on the care and cleaning of wallpaper.<br /><br />Please click </span><strong style=""font-size: 1em;""><a href=""https://inspiry.co.nz/wp-content/uploads/2020/09/Inspiry-Wallpaper-Care-Guide.pdf""><span style=""color:#ff0033;"">here</span><span style=""color:#696969;""> </span></a></strong><span style=""font-size: 1em;"">to download.</span>",publish,,0,10/03/22 15:02,1049,open,UF-FP1081-P,,,no,no,,589,,1.3,60,8.5,60,,instock,no,no,,no,taxable,,,no,,,,,,,,https://inspiry.co.nz/wp-content/uploads/2022/03/UF-FP1081-5.jpg ! alt : Arte Wallpaper Snake Bit  ! title : Arte Wallpaper Snake Bit  1 ! desc :  ! caption :  | https://inspiry.co.nz/wp-content/uploads/2022/03/UF-FP1081-1-2.jpg ! alt : Arte Wallpaper Snake Bit  ! title : Arte Wallpaper Snake Bit  2 ! desc :  ! caption :  | https://inspiry.co.nz/wp-content/uploads/2022/03/UF-FP1081-2-2.jpg ! alt : Arte Wallpaper Snake Bit  ! title : Arte Wallpaper Snake Bit  3 ! desc :  ! caption :  | https://inspiry.co.nz/wp-content/uploads/2022/03/UF-FP1081-3-2.jpg ! alt : Arte Wallpaper Snake Bit  ! title : Arte Wallpaper Snake Bit  4 ! desc :  ! caption : ,,https://inspiry.co.nz/products/arte-wallpaper-snake-bit/,,,,,,,,,,,,variable,exclude_from_catalog|exclude_from_search,Wallpaper,,Free Shipping,,,,,,yes,,2022-03-12T17:09:15+00:00,,0,,,,,,,,,,,,,,,,,,,,,,,,,,,,,,,,,,,,,,,,,,,,,,,,,,,,,,,,,,,,,,,,,,,,,,,,,,,,,,,,,,,,,,,,,,,,,,Due in 5-7 Days.Order Now!,12|1|0,,,,,,,,,,,,,,,,,,,,,,,,,,,,,,,,,,,,,,Arte Wallpaper,0|1|0,,,,,,,,,,,,,,,,,,,,,,,,,,,,,,,,,,,,,,,,,Flavor Paper,1|1|0,,,,,Fp1081|Fp1082|Fp1083,2|1|1,,,,,,,,,,,,,,100% Non Woven,5|1|0,,,,,,,,,,,,,,,,,,,,,,,,,,,,,,,,,,,,,,,,,Due in 5-7 Days.Order Now!,13|1|0,,,,,,,,,,,Modern Contemporary,3|1|0,,,,,,,,,,,,,,,,,,,,,,,,,,,,,,,,,,,,,,,,,,,,,,,,,,,,,,,,,,,,,,,,,,,,,,,,,,,,,,,,,,,,,,,,,,,,,,,,,,,,,,,,,,,,,,,,,,,,,,,,,,,,,,,,,,,,,,,,,,,,,,,,,,,,,,,,,,,,,,,,,,,,,,,,,,,,,,,,,,,,,,,,,,,,,,,,,,,,,,,,,,,Straight Match,6|1|0,,,,,,,,,,,,,,,,,,,,,,,,,,,,,,,,,,,,,,,,,Belgium,11|1|0,,,,,,,,,,,Motif,4|1|0,,,,,,,,,,,,,,,,,,,,,,,,,,,,,,,,,,,,,,,,,,,,,,,,,,,,,,,,,,,,,,,,,10.05 Metre,9|1|0,,,,,,,,,,,,,,,,,,,,,,,,,,,,,,,,,,,,,,,,,,,,,,,,,,,,,,,,,,,,,,Roll,10|1|0,,,,,,,,,,,,,,,,,,,,,,,,,,,,,,,,,,,,,,,,,,,,,,,,,,,,,,,,,,,,,,,,,,,,,,,,,,,,,,,,64Cm,7|1|0,,,,,,,,,,,,,,,,,,,,,,,,,,,,,,,,,,,,,,,,,70Cm,8|1|0,,,,,,,,,,,,,
Arte Wallpaper Highway 66,arte-wallpaper-highway-66,,999517642,"Highway 66. This dramatic design is inspired by a textile woven by the Navajo, a Native American tribe. The shapes in Highway 66 overlap, creating depth and dynamism. An exclusive designer wallpaper.","<h1>Care Code</h1><p><img align=""baseline"" alt=""imageedit 5 2242489781"" height=""133"" src=""https://inspiry.co.nz/wp-content/uploads/2020/09/imageedit_5_2242489781.png"" title=""imageedit 5 2242489781"" width=""127"" /></p><h1>Care CodeGuide</h1><p><span style=""font-size: 1em;"">Careful and regular maintenance is the key to prolonging the life and retaining the appearance of soft furnishings. The following notes are offered as a brief guide on the care and cleaning of wallpaper.<br /><br />Please click </span><strong style=""font-size: 1em;""><a href=""https://inspiry.co.nz/wp-content/uploads/2020/09/Inspiry-Wallpaper-Care-Guide.pdf""><span style=""color:#ff0033;"">here</span><span style=""color:#696969;""> </span></a></strong><span style=""font-size: 1em;"">to download.</span>",publish,,0,10/03/22 15:02,1049,open,UF-FP1091-P,,,no,no,,589,,1.3,60,8.5,60,,instock,no,no,,no,taxable,,,no,,,,,,,,https://inspiry.co.nz/wp-content/uploads/2022/03/UF-FP1091-5.jpg ! alt : Arte Wallpaper Highway 66  ! title : Arte Wallpaper Highway 66  1 ! desc :  ! caption :  | https://inspiry.co.nz/wp-content/uploads/2022/03/UF-FP1091-1-2.jpg ! alt : Arte Wallpaper Highway 66  ! title : Arte Wallpaper Highway 66  2 ! desc :  ! caption :  | https://inspiry.co.nz/wp-content/uploads/2022/03/UF-FP1091-2-2.jpg ! alt : Arte Wallpaper Highway 66  ! title : Arte Wallpaper Highway 66  3 ! desc :  ! caption :  | https://inspiry.co.nz/wp-content/uploads/2022/03/UF-FP1091-3-2.jpg ! alt : Arte Wallpaper Highway 66  ! title : Arte Wallpaper Highway 66  4 ! desc :  ! caption : ,,https://inspiry.co.nz/products/arte-wallpaper-highway-66/,,,,,,,,,,,,variable,exclude_from_catalog|exclude_from_search,Wallpaper,,Free Shipping,,,,,,yes,,2022-03-12T17:09:16+00:00,,0,,,,,,,,,,,,,,,,,,,,,,,,,,,,,,,,,,,,,,,,,,,,,,,,,,,,,,,,,,,,,,,,,,,,,,,,,,,,,,,,,,,,,,,,,,,,,,Due in 5-7 Days.Order Now!,12|1|0,,,,,,,,,,,,,,,,,,,,,,,,,,,,,,,,,,,,,,Arte Wallpaper,0|1|0,,,,,,,,,,,,,,,,,,,,,,,,,,,,,,,,,,,,,,,,,Flavor Paper,1|1|0,,,,,Fp1091|Fp1092|Fp1093,2|1|1,,,,,,,,,,,,,,100% Non Woven,5|1|0,,,,,,,,,,,,,,,,,,,,,,,,,,,,,,,,,,,,,,,,,Due in 5-7 Days.Order Now!,13|1|0,,,,,,,,,,,Modern Contemporary,3|1|0,,,,,,,,,,,,,,,,,,,,,,,,,,,,,,,,,,,,,,,,,,,,,,,,,,,,,,,,,,,,,,,,,,,,,,,,,,,,,,,,,,,,,,,,,,,,,,,,,,,,,,,,,,,,,,,,,,,,,,,,,,,,,,,,,,,,,,,,,,,,,,,,,,,,,,,,,,,,,,,,,,,,,,,,,,,,,,,,,,,,,,,,,,,,,,,,,,,,,,,,,,,Straight Match,6|1|0,,,,,,,,,,,,,,,,,,,,,,,,,,,,,,,,,,,,,,,,,Belgium,11|1|0,,,,,,,,,,,Motif,4|1|0,,,,,,,,,,,,,,,,,,,,,,,,,,,,,,,,,,,,,,,,,,,,,,,,,,,,,,,,,,,,,,,,,10.05 Metre,9|1|0,,,,,,,,,,,,,,,,,,,,,,,,,,,,,,,,,,,,,,,,,,,,,,,,,,,,,,,,,,,,,,Roll,10|1|0,,,,,,,,,,,,,,,,,,,,,,,,,,,,,,,,,,,,,,,,,,,,,,,,,,,,,,,,,,,,,,,,,,,,,,,,,,,,,,,,64Cm,7|1|0,,,,,,,,,,,,,,,,,,,,,,,,,,,,,,,,,,,,,,,,,70Cm,8|1|0,,,,,,,,,,,,,
Arte Wallpaper Sharp Descent,arte-wallpaper-sharp-descent,,999517647,Sharp Descent. Sharpened walls guaranteed. The infinite range of razor-sharp falling objects draws everyone's attention.√Ç¬¨√¢‚Ç¨¬†An exclusive designer wallpaper.,"<h1>Care Code</h1><p><img align=""baseline"" alt=""imageedit 5 2242489781"" height=""133"" src=""https://inspiry.co.nz/wp-content/uploads/2020/09/imageedit_5_2242489781.png"" title=""imageedit 5 2242489781"" width=""127"" /></p><h1>Care CodeGuide</h1><p><span style=""font-size: 1em;"">Careful and regular maintenance is the key to prolonging the life and retaining the appearance of soft furnishings. The following notes are offered as a brief guide on the care and cleaning of wallpaper.<br /><br />Please click </span><strong style=""font-size: 1em;""><a href=""https://inspiry.co.nz/wp-content/uploads/2020/09/Inspiry-Wallpaper-Care-Guide.pdf""><span style=""color:#ff0033;"">here</span><span style=""color:#696969;""> </span></a></strong><span style=""font-size: 1em;"">to download.</span>",publish,,0,10/03/22 15:02,1049,open,UF-FP1101-P,,,no,no,,589,,1.3,60,8.5,60,,instock,no,no,,no,taxable,,,no,,,,,,,,https://inspiry.co.nz/wp-content/uploads/2022/03/UF-FP1101-5.jpg ! alt : Arte Wallpaper Sharp Descent  ! title : Arte Wallpaper Sharp Descent  1 ! desc :  ! caption :  | https://inspiry.co.nz/wp-content/uploads/2022/03/UF-FP1101-1-2.jpg ! alt : Arte Wallpaper Sharp Descent  ! title : Arte Wallpaper Sharp Descent  2 ! desc :  ! caption :  | https://inspiry.co.nz/wp-content/uploads/2022/03/UF-FP1101-2-2.jpg ! alt : Arte Wallpaper Sharp Descent  ! title : Arte Wallpaper Sharp Descent  3 ! desc :  ! caption :  | https://inspiry.co.nz/wp-content/uploads/2022/03/UF-FP1101-3-2.jpg ! alt : Arte Wallpaper Sharp Descent  ! title : Arte Wallpaper Sharp Descent  4 ! desc :  ! caption : ,,https://inspiry.co.nz/products/arte-wallpaper-sharp-descent/,,,,,,,,,,,,variable,exclude_from_catalog|exclude_from_search,Wallpaper,,Free Shipping,,,,,,yes,,2022-03-12T17:09:18+00:00,,0,,,,,,,,,,,,,,,,,,,,,,,,,,,,,,,,,,,,,,,,,,,,,,,,,,,,,,,,,,,,,,,,,,,,,,,,,,,,,,,,,,,,,,,,,,,,,,Due in 5-7 Days.Order Now!,12|1|0,,,,,,,,,,,,,,,,,,,,,,,,,,,,,,,,,,,,,,Arte Wallpaper,0|1|0,,,,,,,,,,,,,,,,,,,,,,,,,,,,,,,,,,,,,,,,,Flavor Paper,1|1|0,,,,,Fp1101|Fp1102|Fp1103,2|1|1,,,,,,,,,,,,,,100% Non Woven,5|1|0,,,,,,,,,,,,,,,,,,,,,,,,,,,,,,,,,,,,,,,,,Due in 5-7 Days.Order Now!,13|1|0,,,,,,,,,,,Modern Contemporary,3|1|0,,,,,,,,,,,,,,,,,,,,,,,,,,,,,,,,,,,,,,,,,,,,,,,,,,,,,,,,,,,,,,,,,,,,,,,,,,,,,,,,,,,,,,,,,,,,,,,,,,,,,,,,,,,,,,,,,,,,,,,,,,,,,,,,,,,,,,,,,,,,,,,,,,,,,,,,,,,,,,,,,,,,,,,,,,,,,,,,,,,,,,,,,,,,,,,,,,,,,,,,,,,Straight Match,6|1|0,,,,,,,,,,,,,,,,,,,,,,,,,,,,,,,,,,,,,,,,,Belgium,11|1|0,,,,,,,,,,,Motif,4|1|0,,,,,,,,,,,,,,,,,,,,,,,,,,,,,,,,,,,,,,,,,,,,,,,,,,,,,,,,,,,,,,,,,10.05 Metre,9|1|0,,,,,,,,,,,,,,,,,,,,,,,,,,,,,,,,,,,,,,,,,,,,,,,,,,,,,,,,,,,,,,Roll,10|1|0,,,,,,,,,,,,,,,,,,,,,,,,,,,,,,,,,,,,,,,,,,,,,,,,,,,,,,,,,,,,,,,,,,,,,,,,,,,,,,,,91.4Cm,7|1|0,,,,,,,,,,,,,,,,,,,,,,,,,,,,,,,,,,,,,,,,,70Cm,8|1|0,,,,,,,,,,,,,
Arte Wallpaper Brasilia,arte-wallpaper-brasilia,,999517652,"Brasilia. A grand richly-contrasting pattern that can be hung any which way, creating a different effect every time. An exclusive designer wallpaper.","<h1>Care Code</h1><p><img align=""baseline"" alt=""imageedit 5 2242489781"" height=""133"" src=""https://inspiry.co.nz/wp-content/uploads/2020/09/imageedit_5_2242489781.png"" title=""imageedit 5 2242489781"" width=""127"" /></p><h1>Care CodeGuide</h1><p><span style=""font-size: 1em;"">Careful and regular maintenance is the key to prolonging the life and retaining the appearance of soft furnishings. The following notes are offered as a brief guide on the care and cleaning of wallpaper.<br /><br />Please click </span><strong style=""font-size: 1em;""><a href=""https://inspiry.co.nz/wp-content/uploads/2020/09/Inspiry-Wallpaper-Care-Guide.pdf""><span style=""color:#ff0033;"">here</span><span style=""color:#696969;""> </span></a></strong><span style=""font-size: 1em;"">to download.</span>",publish,,0,10/03/22 15:02,1049,open,UF-FP1111-P,,,no,no,,589,,1.3,60,8.5,60,,instock,no,no,,no,taxable,,,no,,,,,,,,https://inspiry.co.nz/wp-content/uploads/2022/03/UF-FP1111-5.jpg ! alt : Arte Wallpaper Brasilia  ! title : Arte Wallpaper Brasilia  1 ! desc :  ! caption :  | https://inspiry.co.nz/wp-content/uploads/2022/03/UF-FP1111-1-2.jpg ! alt : Arte Wallpaper Brasilia  ! title : Arte Wallpaper Brasilia  2 ! desc :  ! caption :  | https://inspiry.co.nz/wp-content/uploads/2022/03/UF-FP1111-2-2.jpg ! alt : Arte Wallpaper Brasilia  ! title : Arte Wallpaper Brasilia  3 ! desc :  ! caption :  | https://inspiry.co.nz/wp-content/uploads/2022/03/UF-FP1111-3-2.jpg ! alt : Arte Wallpaper Brasilia  ! title : Arte Wallpaper Brasilia  4 ! desc :  ! caption : ,,https://inspiry.co.nz/products/arte-wallpaper-brasilia/,,,,,,,,,,,,variable,exclude_from_catalog|exclude_from_search,Wallpaper,,Free Shipping,,,,,,yes,,2022-03-12T17:09:20+00:00,,0,,,,,,,,,,,,,,,,,,,,,,,,,,,,,,,,,,,,,,,,,,,,,,,,,,,,,,,,,,,,,,,,,,,,,,,,,,,,,,,,,,,,,,,,,,,,,,Due in 5-7 Days.Order Now!,12|1|0,,,,,,,,,,,,,,,,,,,,,,,,,,,,,,,,,,,,,,Arte Wallpaper,0|1|0,,,,,,,,,,,,,,,,,,,,,,,,,,,,,,,,,,,,,,,,,Flavor Paper,1|1|0,,,,,Fp1111|Fp1112|Fp1113,2|1|1,,,,,,,,,,,,,,100% Non Woven,5|1|0,,,,,,,,,,,,,,,,,,,,,,,,,,,,,,,,,,,,,,,,,Due in 5-7 Days.Order Now!,13|1|0,,,,,,,,,,,Modern Contemporary,3|1|0,,,,,,,,,,,,,,,,,,,,,,,,,,,,,,,,,,,,,,,,,,,,,,,,,,,,,,,,,,,,,,,,,,,,,,,,,,,,,,,,,,,,,,,,,,,,,,,,,,,,,,,,,,,,,,,,,,,,,,,,,,,,,,,,,,,,,,,,,,,,,,,,,,,,,,,,,,,,,,,,,,,,,,,,,,,,,,,,,,,,,,,,,,,,,,,,,,,,,,,,,,,Drop Match,6|1|0,,,,,,,,,,,,,,,,,,,,,,,,,,,,,,,,,,,,,,,,,Belgium,11|1|0,,,,,,,,,,,Motif,4|1|0,,,,,,,,,,,,,,,,,,,,,,,,,,,,,,,,,,,,,,,,,,,,,,,,,,,,,,,,,,,,,,,,,10.05 Metre,9|1|0,,,,,,,,,,,,,,,,,,,,,,,,,,,,,,,,,,,,,,,,,,,,,,,,,,,,,,,,,,,,,,Roll,10|1|0,,,,,,,,,,,,,,,,,,,,,,,,,,,,,,,,,,,,,,,,,,,,,,,,,,,,,,,,,,,,,,,,,,,,,,,,,,,,,,,,128/64Cm,7|1|0,,,,,,,,,,,,,,,,,,,,,,,,,,,,,,,,,,,,,,,,,70Cm,8|1|0,,,,,,,,,,,,,
Arte Wallpaper Bananas,arte-wallpaper-bananas,,999517657,B-A-N-A-N-A-S ! Boost your interior with a vitamin B shot! Available with a white or √Ç¬¨√É‚Äû√Ç¬¨√É¬¨ literally √Ç¬¨√É‚Äû√Ç¬¨√É¬¨ glittering chrome background. An exclusive designer wallpaper.,"<h1>Care Code</h1><p><img align=""baseline"" alt=""imageedit 5 2242489781"" height=""133"" src=""https://inspiry.co.nz/wp-content/uploads/2020/09/imageedit_5_2242489781.png"" title=""imageedit 5 2242489781"" width=""127"" /></p><h1>Care CodeGuide</h1><p><span style=""font-size: 1em;"">Careful and regular maintenance is the key to prolonging the life and retaining the appearance of soft furnishings. The following notes are offered as a brief guide on the care and cleaning of wallpaper.<br /><br />Please click </span><strong style=""font-size: 1em;""><a href=""https://inspiry.co.nz/wp-content/uploads/2020/09/Inspiry-Wallpaper-Care-Guide.pdf""><span style=""color:#ff0033;"">here</span><span style=""color:#696969;""> </span></a></strong><span style=""font-size: 1em;"">to download.</span>",publish,,0,10/03/22 15:02,1049,open,UF-FP1121-P,,,no,no,,589,,1.3,60,8.5,60,,instock,no,no,,no,taxable,,,no,,,,,,,,https://inspiry.co.nz/wp-content/uploads/2022/03/UF-FP1121-4.jpg ! alt : Arte Wallpaper Bananas  ! title : Arte Wallpaper Bananas  1 ! desc :  ! caption :  | https://inspiry.co.nz/wp-content/uploads/2022/03/UF-FP1121-1-2.jpg ! alt : Arte Wallpaper Bananas  ! title : Arte Wallpaper Bananas  2 ! desc :  ! caption :  | https://inspiry.co.nz/wp-content/uploads/2022/03/UF-FP1121-2-2.jpg ! alt : Arte Wallpaper Bananas  ! title : Arte Wallpaper Bananas  3 ! desc :  ! caption : ,,https://inspiry.co.nz/products/arte-wallpaper-bananas/,,,,,,,,,,,,variable,exclude_from_catalog|exclude_from_search,Wallpaper,,Free Shipping,,,,,,yes,,2022-03-12T17:09:21+00:00,,0,,,,,,,,,,,,,,,,,,,,,,,,,,,,,,,,,,,,,,,,,,,,,,,,,,,,,,,,,,,,,,,,,,,,,,,,,,,,,,,,,,,,,,,,,,,,,,Due in 5-7 Days.Order Now!,12|1|0,,,,,,,,,,,,,,,,,,,,,,,,,,,,,,,,,,,,,,Arte Wallpaper,0|1|0,,,,,,,,,,,,,,,,,,,,,,,,,,,,,,,,,,,,,,,,,Flavor Paper,1|1|0,,,,,Fp1121|Fp1122,2|1|1,,,,,,,,,,,,,,100% Non Woven,5|1|0,,,,,,,,,,,,,,,,,,,,,,,,,,,,,,,,,,,,,,,,,Due in 5-7 Days.Order Now!,13|1|0,,,,,,,,,,,Modern Contemporary,3|1|0,,,,,,,,,,,,,,,,,,,,,,,,,,,,,,,,,,,,,,,,,,,,,,,,,,,,,,,,,,,,,,,,,,,,,,,,,,,,,,,,,,,,,,,,,,,,,,,,,,,,,,,,,,,,,,,,,,,,,,,,,,,,,,,,,,,,,,,,,,,,,,,,,,,,,,,,,,,,,,,,,,,,,,,,,,,,,,,,,,,,,,,,,,,,,,,,,,,,,,,,,,,Straight Match,6|1|0,,,,,,,,,,,,,,,,,,,,,,,,,,,,,,,,,,,,,,,,,Belgium,11|1|0,,,,,,,,,,,Animals &amp; Nature,4|1|0,,,,,,,,,,,,,,,,,,,,,,,,,,,,,,,,,,,,,,,,,,,,,,,,,,,,,,,,,,,,,,,,,10.05 Metre,9|1|0,,,,,,,,,,,,,,,,,,,,,,,,,,,,,,,,,,,,,,,,,,,,,,,,,,,,,,,,,,,,,,Roll,10|1|0,,,,,,,,,,,,,,,,,,,,,,,,,,,,,,,,,,,,,,,,,,,,,,,,,,,,,,,,,,,,,,,,,,,,,,,,,,,,,,,,64Cm,7|1|0,,,,,,,,,,,,,,,,,,,,,,,,,,,,,,,,,,,,,,,,,70Cm,8|1|0,,,,,,,,,,,,,
Arte Wallpaper Cherry Forever,arte-wallpaper-cherry-forever,,999517661,Cherry Forever. A pop art classic. The white or high-gloss silver background makes the design even more irresistible. An exclusive designer wallpaper.,"<h1>Care Code</h1><p><img align=""baseline"" alt=""imageedit 5 2242489781"" height=""133"" src=""https://inspiry.co.nz/wp-content/uploads/2020/09/imageedit_5_2242489781.png"" title=""imageedit 5 2242489781"" width=""127"" /></p><h1>Care CodeGuide</h1><p><span style=""font-size: 1em;"">Careful and regular maintenance is the key to prolonging the life and retaining the appearance of soft furnishings. The following notes are offered as a brief guide on the care and cleaning of wallpaper.<br /><br />Please click </span><strong style=""font-size: 1em;""><a href=""https://inspiry.co.nz/wp-content/uploads/2020/09/Inspiry-Wallpaper-Care-Guide.pdf""><span style=""color:#ff0033;"">here</span><span style=""color:#696969;""> </span></a></strong><span style=""font-size: 1em;"">to download.</span>",publish,,0,10/03/22 15:02,1049,open,UF-FP1131-P,,,no,no,,589,,1.3,60,8.5,60,,instock,no,no,,no,taxable,,,no,,,,,,,,https://inspiry.co.nz/wp-content/uploads/2022/03/UF-FP1131-5.jpg ! alt : Arte Wallpaper Cherry Forever  ! title : Arte Wallpaper Cherry Forever  1 ! desc :  ! caption :  | https://inspiry.co.nz/wp-content/uploads/2022/03/UF-FP1131-1-2.jpg ! alt : Arte Wallpaper Cherry Forever  ! title : Arte Wallpaper Cherry Forever  2 ! desc :  ! caption :  | https://inspiry.co.nz/wp-content/uploads/2022/03/UF-FP1131-2-2.jpg ! alt : Arte Wallpaper Cherry Forever  ! title : Arte Wallpaper Cherry Forever  3 ! desc :  ! caption :  | https://inspiry.co.nz/wp-content/uploads/2022/03/UF-FP1131-3-2.jpg ! alt : Arte Wallpaper Cherry Forever  ! title : Arte Wallpaper Cherry Forever  4 ! desc :  ! caption : ,,https://inspiry.co.nz/products/arte-wallpaper-cherry-forever/,,,,,,,,,,,,variable,exclude_from_catalog|exclude_from_search,Wallpaper,,Free Shipping,,,,,,yes,,2022-03-12T17:09:22+00:00,,0,,,,,,,,,,,,,,,,,,,,,,,,,,,,,,,,,,,,,,,,,,,,,,,,,,,,,,,,,,,,,,,,,,,,,,,,,,,,,,,,,,,,,,,,,,,,,,Due in 5-7 Days.Order Now!,12|1|0,,,,,,,,,,,,,,,,,,,,,,,,,,,,,,,,,,,,,,Arte Wallpaper,0|1|0,,,,,,,,,,,,,,,,,,,,,,,,,,,,,,,,,,,,,,,,,Flavor Paper,1|1|0,,,,,Fp1131|Fp1132,2|1|1,,,,,,,,,,,,,,100% Non Woven,5|1|0,,,,,,,,,,,,,,,,,,,,,,,,,,,,,,,,,,,,,,,,,Due in 5-7 Days.Order Now!,13|1|0,,,,,,,,,,,Modern Contemporary,3|1|0,,,,,,,,,,,,,,,,,,,,,,,,,,,,,,,,,,,,,,,,,,,,,,,,,,,,,,,,,,,,,,,,,,,,,,,,,,,,,,,,,,,,,,,,,,,,,,,,,,,,,,,,,,,,,,,,,,,,,,,,,,,,,,,,,,,,,,,,,,,,,,,,,,,,,,,,,,,,,,,,,,,,,,,,,,,,,,,,,,,,,,,,,,,,,,,,,,,,,,,,,,,Straight Match,6|1|0,,,,,,,,,,,,,,,,,,,,,,,,,,,,,,,,,,,,,,,,,Belgium,11|1|0,,,,,,,,,,,Animals &amp; Nature,4|1|0,,,,,,,,,,,,,,,,,,,,,,,,,,,,,,,,,,,,,,,,,,,,,,,,,,,,,,,,,,,,,,,,,10.05 Metre,9|1|0,,,,,,,,,,,,,,,,,,,,,,,,,,,,,,,,,,,,,,,,,,,,,,,,,,,,,,,,,,,,,,Roll,10|1|0,,,,,,,,,,,,,,,,,,,,,,,,,,,,,,,,,,,,,,,,,,,,,,,,,,,,,,,,,,,,,,,,,,,,,,,,,,,,,,,,32Cm,7|1|0,,,,,,,,,,,,,,,,,,,,,,,,,,,,,,,,,,,,,,,,,70Cm,8|1|0,,,,,,,,,,,,,
Arte Wallpaper Sakura,arte-wallpaper-sakura,,999517666,"Sakura. A pattern jam-packed with Japanese cherry blossoms. Minimalist, functional, yet cheerful. An exclusive designer wallpaper.","<h1>Care Code</h1><p><img align=""baseline"" alt=""imageedit 5 2242489781"" height=""133"" src=""https://inspiry.co.nz/wp-content/uploads/2020/09/imageedit_5_2242489781.png"" title=""imageedit 5 2242489781"" width=""127"" /></p><h1>Care CodeGuide</h1><p><span style=""font-size: 1em;"">Careful and regular maintenance is the key to prolonging the life and retaining the appearance of soft furnishings. The following notes are offered as a brief guide on the care and cleaning of wallpaper.<br /><br />Please click </span><strong style=""font-size: 1em;""><a href=""https://inspiry.co.nz/wp-content/uploads/2020/09/Inspiry-Wallpaper-Care-Guide.pdf""><span style=""color:#ff0033;"">here</span><span style=""color:#696969;""> </span></a></strong><span style=""font-size: 1em;"">to download.</span>",publish,,0,10/03/22 15:02,1049,open,UF-FP1141-P,,,no,no,,589,,1.3,60,8.5,60,,instock,no,no,,no,taxable,,,no,,,,,,,,https://inspiry.co.nz/wp-content/uploads/2022/03/UF-FP1141-6.jpg ! alt : Arte Wallpaper Sakura  ! title : Arte Wallpaper Sakura  1 ! desc :  ! caption :  | https://inspiry.co.nz/wp-content/uploads/2022/03/UF-FP1141-1-2.jpg ! alt : Arte Wallpaper Sakura  ! title : Arte Wallpaper Sakura  2 ! desc :  ! caption :  | https://inspiry.co.nz/wp-content/uploads/2022/03/UF-FP1141-2-2.jpg ! alt : Arte Wallpaper Sakura  ! title : Arte Wallpaper Sakura  3 ! desc :  ! caption :  | https://inspiry.co.nz/wp-content/uploads/2022/03/UF-FP1141-3-2.jpg ! alt : Arte Wallpaper Sakura  ! title : Arte Wallpaper Sakura  4 ! desc :  ! caption :  | https://inspiry.co.nz/wp-content/uploads/2022/03/UF-FP1141-4-2.jpg ! alt : Arte Wallpaper Sakura  ! title : Arte Wallpaper Sakura  5 ! desc :  ! caption : ,,https://inspiry.co.nz/products/arte-wallpaper-sakura/,,,,,,,,,,,,variable,exclude_from_catalog|exclude_from_search,Wallpaper,,Free Shipping,,,,,,yes,,2022-03-12T17:09:23+00:00,,0,,,,,,,,,,,,,,,,,,,,,,,,,,,,,,,,,,,,,,,,,,,,,,,,,,,,,,,,,,,,,,,,,,,,,,,,,,,,,,,,,,,,,,,,,,,,,,Due in 5-7 Days.Order Now!,12|1|0,,,,,,,,,,,,,,,,,,,,,,,,,,,,,,,,,,,,,,Arte Wallpaper,0|1|0,,,,,,,,,,,,,,,,,,,,,,,,,,,,,,,,,,,,,,,,,Flavor Paper,1|1|0,,,,,Fp1141|Fp1142|Fp1143,2|1|1,,,,,,,,,,,,,,100% Non Woven,5|1|0,,,,,,,,,,,,,,,,,,,,,,,,,,,,,,,,,,,,,,,,,Due in 5-7 Days.Order Now!,13|1|0,,,,,,,,,,,Modern Contemporary,3|1|0,,,,,,,,,,,,,,,,,,,,,,,,,,,,,,,,,,,,,,,,,,,,,,,,,,,,,,,,,,,,,,,,,,,,,,,,,,,,,,,,,,,,,,,,,,,,,,,,,,,,,,,,,,,,,,,,,,,,,,,,,,,,,,,,,,,,,,,,,,,,,,,,,,,,,,,,,,,,,,,,,,,,,,,,,,,,,,,,,,,,,,,,,,,,,,,,,,,,,,,,,,,Drop Match,6|1|0,,,,,,,,,,,,,,,,,,,,,,,,,,,,,,,,,,,,,,,,,Belgium,11|1|0,,,,,,,,,,,Animals &amp; Nature,4|1|0,,,,,,,,,,,,,,,,,,,,,,,,,,,,,,,,,,,,,,,,,,,,,,,,,,,,,,,,,,,,,,,,,10.05 Metre,9|1|0,,,,,,,,,,,,,,,,,,,,,,,,,,,,,,,,,,,,,,,,,,,,,,,,,,,,,,,,,,,,,,Roll,10|1|0,,,,,,,,,,,,,,,,,,,,,,,,,,,,,,,,,,,,,,,,,,,,,,,,,,,,,,,,,,,,,,,,,,,,,,,,,,,,,,,,128/64Cm,7|1|0,,,,,,,,,,,,,,,,,,,,,,,,,,,,,,,,,,,,,,,,,70Cm,8|1|0,,,,,,,,,,,,,
Arte Wallpaper Calligraphy Bird,arte-wallpaper-calligraphy-bird,,999517672,"A high gloss lacquer print, representing the elegant tail feathers of the female Calligraphy Bird",,publish,,0,10/03/22 15:02,1049,open,UF-MO2011-P,,,no,no,,133,,1.3,60,8.5,60,,instock,no,no,,no,taxable,,,no,,,,,,,,https://inspiry.co.nz/wp-content/uploads/2022/03/UF-MO2011-5.jpg ! alt : Arte Wallpaper Calligraphy Bird  ! title : Arte Wallpaper Calligraphy Bird  1 ! desc :  ! caption :  | https://inspiry.co.nz/wp-content/uploads/2022/03/UF-MO2011-1-2.jpg ! alt : Arte Wallpaper Calligraphy Bird  ! title : Arte Wallpaper Calligraphy Bird  2 ! desc :  ! caption :  | https://inspiry.co.nz/wp-content/uploads/2022/03/UF-MO2011-2-2.jpg ! alt : Arte Wallpaper Calligraphy Bird  ! title : Arte Wallpaper Calligraphy Bird  3 ! desc :  ! caption :  | https://inspiry.co.nz/wp-content/uploads/2022/03/UF-MO2011-3-2.jpg ! alt : Arte Wallpaper Calligraphy Bird  ! title : Arte Wallpaper Calligraphy Bird  4 ! desc :  ! caption : ,,https://inspiry.co.nz/products/arte-wallpaper-calligraphy-bird/,,,,,,,,,,,,variable,exclude_from_catalog|exclude_from_search,Wallpaper,,Free Shipping,,,,,,yes,,2022-03-12T17:09:25+00:00,,0,,,,,,,,,,,,,,,,,,,,,,,,,,,,,,,,,,,,,,,,,,,,,,,,,,,,,,,,,,,,,,,,,,,,,,,,,,,,"Adhesive for non-woven wallcovering like Arte Clearpro, or Metyl Special (200 g in 4 l of water) with the addition of 20% PVA adhesive",8|1|0,,,,,,,,,,,,,,,,,Due in 5-7 Days.Order Now!,14|1|0,,,,,,,,,,,,,,,,,,,,,,,,,,,,,,,,,,,,,,Arte Wallpaper,0|1|0,,,,,,,,,,,Washable,10|1|0,,,,,,,,,,,,,,,,,,,,,,,,,,,,,Moooi Wallcovering Extinct Animals,1|1|0,,,,,Ash|Blossom|Midnight,2|1|1,,,,,,,,,,,,,,Non-woven wallcovering,3|1|0,,,,,,,,,,,,,,,,,,,,,,,,,,,,,,,,,,,,,,,,,Due in 5-7 Days.Order Now!,15|1|0,,,,,,,,,,,,,,,,,,,,,,,,,,,,,,,,,,,,,,,,,,,,,,,,,,,,,,,,,,,,,,,,,,,,,,,,,,,,,,,,,,,,,,"B-s1, d0 / Class A",13|1|0,,,,,,,,,,,,,,,,,,,,,,,,,,,,,,,,,,,,,,,,,,,,,,,,,,,,,Paste the wall,11|1|0,,Strippable,12|1|0,,,,,,,,,,,,,,,,,,,,,,,,,,,,,,,,,,,,,,,,,,,,,,,,,,,,,Good lightfastness,9|1|0,,,,,,,,,,,,,,,,,Drop Match,4|1|0,,,,,,,,,,,,,,,,,,,,,,,,,,,,,,,,,,,,,,,,,,,,,,,,,,,,,,,,,,,,,,,,,,,,,,,,,,,,,,,,,,,,,,,,,,,,,,,,,,,,,,,,,,,,,,,,,"64/32 cm (25.20""/12.60"")",7|1|0,,,,,,,,,,,,,,,,,,,,,,,,,,,,,,,,,,,,,,,,,,,,,,,,,,,,,,,,,,,,,,,,,,,,the linear metre/yard,6|1|0,,,,,,,,,,,,,,,,,,,,,,,,,,,,,,,,,,,,,,,,,,,,,,,,,,,,,,,,,,,,,,,,,,,,,,,,,,,,,,,,,,,,,,,,,,,,,,,,,,,,,,,,,,,,,,,,,,,,,,,,,,"90 cm (35.43"")",5|1|0,,,,,,,,,,,,,
Arte Wallpaper Blooming Seadragon,arte-wallpaper-blooming-seadragon,,999517677,Wallcovering with a flock finish inspired by the mysterious Blooming Seadragons,,publish,,0,10/03/22 15:02,1049,open,UF-MO2021-P,,,no,no,,133,,1.3,60,8.5,60,,instock,no,no,,no,taxable,,,no,,,,,,,,https://inspiry.co.nz/wp-content/uploads/2022/03/UF-MO2021-5.jpg ! alt : Arte Wallpaper Blooming Seadragon  ! title : Arte Wallpaper Blooming Seadragon  1 ! desc :  ! caption :  | https://inspiry.co.nz/wp-content/uploads/2022/03/UF-MO2021-1-2.jpg ! alt : Arte Wallpaper Blooming Seadragon  ! title : Arte Wallpaper Blooming Seadragon  2 ! desc :  ! caption :  | https://inspiry.co.nz/wp-content/uploads/2022/03/UF-MO2021-2-2.jpg ! alt : Arte Wallpaper Blooming Seadragon  ! title : Arte Wallpaper Blooming Seadragon  3 ! desc :  ! caption :  | https://inspiry.co.nz/wp-content/uploads/2022/03/UF-MO2021-3-2.jpg ! alt : Arte Wallpaper Blooming Seadragon  ! title : Arte Wallpaper Blooming Seadragon  4 ! desc :  ! caption : ,,https://inspiry.co.nz/products/arte-wallpaper-blooming-seadragon/,,,,,,,,,,,,variable,exclude_from_catalog|exclude_from_search,Wallpaper,,Free Shipping,,,,,,yes,,2022-03-12T17:09:27+00:00,,0,,,,,,,,,,,,,,,,,,,,,,,,,,,,,,,,,,,,,,,,,,,,,,,,,,,,,,,,,,,,,,,,,,,,,,,,,,,,"Adhesive for non-woven wallcovering like Arte Clearpro, or Metyl Special (200 g in 4 l of water) with the addition of 20% PVA adhesive",7|1|0,,,,,,,,,,,,,,,,,Due in 5-7 Days.Order Now!,13|1|0,,,,,,,,,,,,,,,,,,,,,,,,,,,,,,,,,,,,,,Arte Wallpaper,0|1|0,,,,,,,,,,,Washable,9|1|0,,,,,,,,,,,,,,,,,,,,,,,,,,,,,Moooi Wallcovering Extinct Animals,1|1|0,,,,,Anthracite|Copper|Coral Red|Pine|Sky,2|1|1,,,,,,,,,,,,,,,,,,,,,,,,,,,,,,,,,,,,,,,,,,,,,,,,,,,,,,,,Due in 5-7 Days.Order Now!,14|1|0,,,,,,,,,,,,,,,,,,,,,,,,,,,,,,,,,,,,,,,,,,,,,,,,,,,,,,,,,,,,,,,,,,,,,,,,,,,,,,,,,,,,,,"B-s1, d0 / Class A",12|1|0,,,,,,,,,,,,,,,,,,,,,,,,,,,,,,,,,,,,,,,,,,,,,,,,,,,,,Paste the wall,10|1|0,,Strippable,11|1|0,,,,,,,,,,,,,,,,,,,,,,,,,,,,,,,,,,,,,,,,,,,,,,,,,,,,,Good lightfastness,8|1|0,,,,,,,,,,,,,,,,,Drop Match,3|1|0,,,,,,,,,,,,,,,,,,,,,,,,,,,,,,,,,,,,,,,,,,,,,,,,,,,,,,,,,,,,,,,,,,,,,,,,,,,,,,,,,,,,,,,,,,,,,,,,,,,,,,,,,,,,,,,,,"64/16 cm (25.20""/6.30"")",6|1|0,,,,,,,,,,,,,,,,,,,,,,,,,,,,,,,,,,,,,,,,,,,,,,,,,,,,,,,,,,,,,,,,,,,,the linear metre/yard,5|1|0,,,,,,,,,,,,,,,,,,,,,,,,,,,,,,,,,,,,,,,,,,,,,,,,,,,,,,,,,,,,,,,,,,,,,,,,,,,,,,,,,,,,,,,,,,,,,,,,,,,,,,,,,,,,,,,,,,,,,,,,,,"90 cm (35.43"")",4|1|0,,,,,,,,,,,,,
Arte Wallpaper Menagerie of Extinct,arte-wallpaper-menagerie-of-extinct,,999517693,Spectacular digitally printed wallcovering on soft touch textile,,publish,,0,10/03/22 15:02,1049,open,UF-MO2071-P,,,no,no,,520,,1.3,60,8.5,60,,instock,no,no,,no,taxable,,,no,,,,,,,,https://inspiry.co.nz/wp-content/uploads/2022/03/UF-MO2071-5.jpg ! alt : Arte Wallpaper Menagerie of Extinct  ! title : Arte Wallpaper Menagerie of Extinct  1 ! desc :  ! caption :  | https://inspiry.co.nz/wp-content/uploads/2022/03/UF-MO2071-1-2.jpg ! alt : Arte Wallpaper Menagerie of Extinct  ! title : Arte Wallpaper Menagerie of Extinct  2 ! desc :  ! caption :  | https://inspiry.co.nz/wp-content/uploads/2022/03/UF-MO2071-2-2.jpg ! alt : Arte Wallpaper Menagerie of Extinct  ! title : Arte Wallpaper Menagerie of Extinct  3 ! desc :  ! caption :  | https://inspiry.co.nz/wp-content/uploads/2022/03/UF-MO2071-3-2.jpg ! alt : Arte Wallpaper Menagerie of Extinct  ! title : Arte Wallpaper Menagerie of Extinct  4 ! desc :  ! caption : ,,https://inspiry.co.nz/products/arte-wallpaper-menagerie-of-extinct/,,,,,,,,,,,,variable,exclude_from_catalog|exclude_from_search,Wallpaper,,Free Shipping,,,,,,yes,,2022-03-12T17:09:33+00:00,,0,,,,,,,,,,,,,,,,,,,,,,,,,,,,,,,,,,,,,,,,,,,,,,,,,,,,,,,,,,,,,,,,,,,,,,,,,,,,Adhesive for non-woven wallcovering like Arte Clearpro or 100% dispersion adhesive,7|1|0,,,,,,,,,,,,,,,,,Due in 5-7 Days.Order Now!,13|1|0,,,,,,,,,,,,,,,,,,,,,,,,,,,,,,,,,,,,,,Arte Wallpaper,0|1|0,,,,,,,,,,,Washable,9|1|0,,,,,,,,,,,,,,,,,,,,,,,,,,,,,Moooi Wallcovering Extinct Animals,1|1|0,,,,,Cloud|Curry|Ivory|Raven,2|1|1,,,,,,,,,,,,,,,,,,,,,,,,,,,,,,,,,,,,,,,,,,,,,,,,,,,,,,,,Due in 5-7 Days.Order Now!,14|1|0,,,,,,,,,,,,,,,,,,,,,,,,,,,,,,,,,,,,,,,,,,,,,,,,,,,,,,,,,,,,,,,,,,,,,,,,,,,,,,,,,,,,,,"B-s1, d0 / Class A",12|1|0,,,,,,,,,,,,,,,,,,,,,,,,,,,,,,,,,,,,,,,,,,,,,,,,,,,,,Paste the wall,10|1|0,,Strippable,11|1|0,,,,,,,,,,,,,,,,,,,,,,,,,,,,,,,,,,,,,,,,,,,,,,,,,,,,,Good lightfastness,8|1|0,,,,,,,,,,,,,,,,,Drop Match,3|1|0,,,,,,,,,,,,,,,,,,,,,,,,,,,,,,,,,,,,,,,,,,,,,,,,,,,,,,,,,,,,,,,,,,,,,,,,,,,,,,,,,,,,,,,,,,,,,,,,,,,,,,,,,,,,,,,,,"200/100 cm (78.74""/39.37"")",6|1|0,,,,,,,,,,,,,,,,,,,,,,,,,,,,,,,,,,,,,,,,,,,,,,,,,,,,,,,,,,,,,,,,,,,,the linear metre/yard,5|1|0,,,,,,,,,,,,,,,,,,,,,,,,,,,,,,,,,,,,,,,,,,,,,,,,,,,,,,,,,,,,,,,,,,,,,,,,,,,,,,,,,,,,,,,,,,,,,,,,,,,,,,,,,,,,,,,,,,,,,,,,,,"130 cm (51.18"")",4|1|0,,,,,,,,,,,,,
Arte Wallpaper Dodo Pavone,arte-wallpaper-dodo-pavone,,999517698,"Wallcovering with a soft suede look, inspired by the Dodo Pavone√¢‚Ç¨‚Ñ¢s natural outfit",,publish,,0,10/03/22 15:03,1049,open,UF-MO2091-P,,,no,no,,994,,1.3,60,8.5,60,,instock,no,no,,no,taxable,,,no,,,,,,,,https://inspiry.co.nz/wp-content/uploads/2022/03/UF-MO2091-6.jpg ! alt : Arte Wallpaper Dodo Pavone  ! title : Arte Wallpaper Dodo Pavone  1 ! desc :  ! caption :  | https://inspiry.co.nz/wp-content/uploads/2022/03/UF-MO2091-1-2.jpg ! alt : Arte Wallpaper Dodo Pavone  ! title : Arte Wallpaper Dodo Pavone  2 ! desc :  ! caption :  | https://inspiry.co.nz/wp-content/uploads/2022/03/UF-MO2091-2-2.jpg ! alt : Arte Wallpaper Dodo Pavone  ! title : Arte Wallpaper Dodo Pavone  3 ! desc :  ! caption :  | https://inspiry.co.nz/wp-content/uploads/2022/03/UF-MO2091-3-2.jpg ! alt : Arte Wallpaper Dodo Pavone  ! title : Arte Wallpaper Dodo Pavone  4 ! desc :  ! caption :  | https://inspiry.co.nz/wp-content/uploads/2022/03/UF-MO2091-4-2.jpg ! alt : Arte Wallpaper Dodo Pavone  ! title : Arte Wallpaper Dodo Pavone  5 ! desc :  ! caption : ,,https://inspiry.co.nz/products/arte-wallpaper-dodo-pavone/,,,,,,,,,,,,variable,exclude_from_catalog|exclude_from_search,Wallpaper,,Free Shipping,,,,,,yes,,2022-03-12T17:09:35+00:00,,0,,,,,,,,,,,,,,,,,,,,,,,,,,,,,,,,,,,,,,,,,,,,,,,,,,,,,,,,,,,,,,,,,,,,,,,,,,,,Adhesive for non-woven wallcovering like Arte Clearpro or 100% dispersion adhesive,7|1|0,,,,,,,,,,,,,,,,,Due in 5-7 Days.Order Now!,13|1|0,,,,,,,,,,,,,,,,,,,,,,,,,,,,,,,,,,,,,,Arte Wallpaper,0|1|0,,,,,,,,,,,Spongeable during hanging (dab away damp glue),9|1|0,,,,,,,,,,,,,,,,,,,,,,,,,,,,,Moooi Wallcovering Extinct Animals,1|1|0,,,,,Beige|Celadon|Egg Shell|Navy|Powdery Blue|Yolk,2|1|1,,,,,,,,,,,,,,,,,,,,,,,,,,,,,,,,,,,,,,,,,,,,,,,,,,,,,,,,Due in 5-7 Days.Order Now!,14|1|0,,,,,,,,,,,,,,,,,,,,,,,,,,,,,,,,,,,,,,,,,,,,,,,,,,,,,,,,,,,,,,,,,,,,,,,,,,,,,,,,,,,,,,"B-s1, d0 / Class A",12|1|0,,,,,,,,,,,,,,,,,,,,,,,,,,,,,,,,,,,,,,,,,,,,,,,,,,,,,Paste the wall,10|1|0,,Strippable,11|1|0,,,,,,,,,,,,,,,,,,,,,,,,,,,,,,,,,,,,,,,,,,,,,,,,,,,,,Good lightfastness,8|1|0,,,,,,,,,,,,,,,,,Straight Match,3|1|0,,,,,,,,,,,,,,,,,,,,,,,,,,,,,,,,,,,,,,,,,,,,,,,,,,,,,,,,,,,,,,,,,,,,,,,,,,,,,,,,,,,,,,,,,,,,,,,,,,,,,,,,,,,,,,,,,"58.5 cm (23.03"")",6|1|0,,,,,,,,,,,,,,,,,,,,,,,,,,,,,,,,,,,,,,,,,,,,,,,,,,,,,,,,,,,,,,,,,,,,the linear metre/yard,5|1|0,,,,,,,,,,,,,,,,,,,,,,,,,,,,,,,,,,,,,,,,,,,,,,,,,,,,,,,,,,,,,,,,,,,,,,,,,,,,,,,,,,,,,,,,,,,,,,,,,,,,,,,,,,,,,,,,,,,,,,,,,,"124 cm (48.82"")",4|1|0,,,,,,,,,,,,,
Arte Wallpaper Flying Coral Fish,arte-wallpaper-flying-coral-fish,,999517704,Wallcovering with a satin look with a pattern resembling the pectoral fins of the Flying Coral Fish,,publish,,0,10/03/22 15:03,1049,open,UF-MO2101-P,,,no,no,,994,,1.3,60,8.5,60,,instock,no,no,,no,taxable,,,no,,,,,,,,https://inspiry.co.nz/wp-content/uploads/2022/03/UF-MO2101-5.jpg ! alt : Arte Wallpaper Flying Coral Fish  ! title : Arte Wallpaper Flying Coral Fish  1 ! desc :  ! caption :  | https://inspiry.co.nz/wp-content/uploads/2022/03/UF-MO2101-1-2.jpg ! alt : Arte Wallpaper Flying Coral Fish  ! title : Arte Wallpaper Flying Coral Fish  2 ! desc :  ! caption :  | https://inspiry.co.nz/wp-content/uploads/2022/03/UF-MO2101-2-2.jpg ! alt : Arte Wallpaper Flying Coral Fish  ! title : Arte Wallpaper Flying Coral Fish  3 ! desc :  ! caption :  | https://inspiry.co.nz/wp-content/uploads/2022/03/UF-MO2101-3-2.jpg ! alt : Arte Wallpaper Flying Coral Fish  ! title : Arte Wallpaper Flying Coral Fish  4 ! desc :  ! caption : ,,https://inspiry.co.nz/products/arte-wallpaper-flying-coral-fish/,,,,,,,,,,,,variable,exclude_from_catalog|exclude_from_search,Wallpaper,,Free Shipping,,,,,,yes,,2022-03-12T17:09:37+00:00,,0,,,,,,,,,,,,,,,,,,,,,,,,,,,,,,,,,,,,,,,,,,,,,,,,,,,,,,,,,,,,,,,,,,,,,,,,,,,,Adhesive for non-woven wallcovering like Arte Clearpro or 100% dispersion adhesive,7|1|0,,,,,,,,,,,,,,,,,Due in 5-7 Days.Order Now!,13|1|0,,,,,,,,,,,,,,,,,,,,,,,,,,,,,,,,,,,,,,Arte Wallpaper,0|1|0,,,,,,,,,,,Spongeable during hanging (dab away damp glue),9|1|0,,,,,,,,,,,,,,,,,,,,,,,,,,,,,Moooi Wallcovering Extinct Animals,1|1|0,,,,,Pacific Blue|Pearl|Poppy|Silver &amp; Grey,2|1|1,,,,,,,,,,,,,,,,,,,,,,,,,,,,,,,,,,,,,,,,,,,,,,,,,,,,,,,,Due in 5-7 Days.Order Now!,14|1|0,,,,,,,,,,,,,,,,,,,,,,,,,,,,,,,,,,,,,,,,,,,,,,,,,,,,,,,,,,,,,,,,,,,,,,,,,,,,,,,,,,,,,,"B-s1, d0 / Class A",12|1|0,,,,,,,,,,,,,,,,,,,,,,,,,,,,,,,,,,,,,,,,,,,,,,,,,,,,,Paste the wall,10|1|0,,Strippable,11|1|0,,,,,,,,,,,,,,,,,,,,,,,,,,,,,,,,,,,,,,,,,,,,,,,,,,,,,Good lightfastness,8|1|0,,,,,,,,,,,,,,,,,Free Match,3|1|0,,,,,,,,,,,,,,,,,,,,,,,,,,,,,,,,,,,,,,,,,,,,,,,,,,,,,,,,,,,,,,,,,,,,,,,,,,,,,,,,,,,,,,,,,,,,,,,,,,,,,,,,,,,,,,,,,"oval height of 8 cm (3.15"")",6|1|0,,,,,,,,,,,,,,,,,,,,,,,,,,,,,,,,,,,,,,,,,,,,,,,,,,,,,,,,,,,,,,,,,,,,the linear metre/yard,5|1|0,,,,,,,,,,,,,,,,,,,,,,,,,,,,,,,,,,,,,,,,,,,,,,,,,,,,,,,,,,,,,,,,,,,,,,,,,,,,,,,,,,,,,,,,,,,,,,,,,,,,,,,,,,,,,,,,,,,,,,,,,,"124 cm (48.82"")",4|1|0,,,,,,,,,,,,,
Arte Wallpaper Stellar,arte-wallpaper-stellar-2,,999517724,"Metal on the wall. This beautiful wallpaper is made of real metal foil with an oxidised effect. During production, the metal foil goes through an intensive process that was developed especially for this collection.","<h1>Care Code</h1><p><img align=""baseline"" alt=""imageedit 5 2242489781"" height=""133"" src=""https://inspiry.co.nz/wp-content/uploads/2020/09/imageedit_5_2242489781.png"" title=""imageedit 5 2242489781"" width=""127"" /></p><h1>Care CodeGuide</h1><p><span style=""font-size: 1em;"">Careful and regular maintenance is the key to prolonging the life and retaining the appearance of soft furnishings. The following notes are offered as a brief guide on the care and cleaning of wallpaper.<br /><br />Please click </span><strong style=""font-size: 1em;""><a href=""https://inspiry.co.nz/wp-content/uploads/2020/09/Inspiry-Wallpaper-Care-Guide.pdf""><span style=""color:#ff0033;"">here</span><span style=""color:#696969;""> </span></a></strong><span style=""font-size: 1em;"">to download.</span>",publish,,0,10/03/22 15:03,1049,open,UF-37510-P,,,no,no,,304,,1.3,60,8.5,60,,instock,no,no,,no,taxable,,,no,,,,,,,,https://inspiry.co.nz/wp-content/uploads/2022/03/UF-37510-7.jpg ! alt : Arte Wallpaper Stellar ! title : Arte Wallpaper Stellar 1 ! desc :  ! caption :  | https://inspiry.co.nz/wp-content/uploads/2022/03/UF-37510-1-2.jpg ! alt : Arte Wallpaper Stellar ! title : Arte Wallpaper Stellar 2 ! desc :  ! caption :  | https://inspiry.co.nz/wp-content/uploads/2022/03/UF-37510-2-2.jpg ! alt : Arte Wallpaper Stellar ! title : Arte Wallpaper Stellar 3 ! desc :  ! caption :  | https://inspiry.co.nz/wp-content/uploads/2022/03/UF-37510-3-2.jpg ! alt : Arte Wallpaper Stellar ! title : Arte Wallpaper Stellar 4 ! desc :  ! caption :  | https://inspiry.co.nz/wp-content/uploads/2022/03/UF-37510-4-2.jpg ! alt : Arte Wallpaper Stellar ! title : Arte Wallpaper Stellar 5 ! desc :  ! caption :  | https://inspiry.co.nz/wp-content/uploads/2022/03/UF-37510-5-2.jpg ! alt : Arte Wallpaper Stellar ! title : Arte Wallpaper Stellar 6 ! desc :  ! caption : ,,https://inspiry.co.nz/products/arte-wallpaper-stellar-2/,,,,,,,,,,,,variable,exclude_from_catalog|exclude_from_search,Wallpaper,,Free Shipping,,,,,,yes,,2022-03-12T17:09:40+00:00,,0,,,,,,,,,,,,,,,,,,,,,,,,,,,,,,,,,,,,,,,,,,,,,,,,,,,,,,,,,,,,,,,,,,,,,,,,,,,,,,,,,,,,,,,,,,,,,,Due in 5-7 Days.Order Now!,10|1|0,,,,,,,,,,,,,,,,,,,,,,,,,,,,,,,,,,,,,,Arte Wallpaper,0|1|0,,,,,,,,,,,,,,,,,,,,,,,,,,,,,,,,,,,,,,,,,Metal X,1|1|0,,,,,37510|37517|37519|37523A,2|1|1,,,,,,,,,,,,,,Non Woven Paste the Wall,5|1|0,,,,,,,,,,,,,,,,,,,,,,,,,,,,,,,,,,,,,,,,,Due in 5-7 Days.Order Now!,11|1|0,,,,,,,,,,,Modern Contemporary,3|1|0,,,,,,,,,,,,,,,,,,,,,,,,,,,,,,,,,,,,,,,,,,,,,,,,,,,,,,,,,,,,,,,,,,,,,,,,,,,,,,,,,,,,,,,,,,,,,,,,,,,,,,,,,,,,,,,,,,,,,,,,,,,,,,,,,,,,,,,,,,,,,,,,,,,,,,,,,,,,,,,,,,,,,,,,,,,,,,,,,,,,,,,,,,,,,,,,,,,,,,,,,,,Free Match,6|1|0,,,,,,,,,,,,,,,,,,,,,,,,,,,,,,,,,,,,,,,,,Belgium,9|1|0,,,,,,,,,,,Motif,4|1|0,,,,,,,,,,,,,,,,,,,,,,,,,,,,,,,,,,,,,,,,,,,,,,,,,,,,,,,,,,,,,,,,,,,,,,,,,,,,,,,,,,,,,,,,,,,,,,,,,,,,,,,,,,,,,,,,,,,,,,,,,,,,,,,,,,,,,,,,,,,,,,,,,,,,,,,,,,,,,,,,,,,,,,,,,,,,,,,,,,,,,,,,,,,,,,,,,,,,,,,,,,,,,,,,,0Cm,7|1|0,,,,,,,,,,,,,,,,,,,,,,,,,,,,,,,,,,,,,,,,,91.44Cm,8|1|0,,,,,,,,,,,,,
Arte Wallpaper Metric,arte-wallpaper-metric,,999517731,"Metric plays with various forms and figures that together result in a fascinating pattern. The sequence of figures calls separate tile formations to mind. Select one overlapping colour if you want a subtle interplay of lines, or go for the tricolour if you want something more striking. This wallpaper is made from hand-woven sisal fibres, rigorously carved out and processed according to a refined traditional inlay technique.","<h1>Care Code</h1><p><img align=""baseline"" alt=""imageedit 5 2242489781"" height=""133"" src=""https://inspiry.co.nz/wp-content/uploads/2020/09/imageedit_5_2242489781.png"" title=""imageedit 5 2242489781"" width=""127"" /></p><h1>Care CodeGuide</h1><p><span style=""font-size: 1em;"">Careful and regular maintenance is the key to prolonging the life and retaining the appearance of soft furnishings. The following notes are offered as a brief guide on the care and cleaning of wallpaper.<br /><br />Please click </span><strong style=""font-size: 1em;""><a href=""https://inspiry.co.nz/wp-content/uploads/2020/09/Inspiry-Wallpaper-Care-Guide.pdf""><span style=""color:#ff0033;"">here</span><span style=""color:#696969;""> </span></a></strong><span style=""font-size: 1em;"">to download.</span>",publish,,0,10/03/22 15:03,1049,open,UF-80500-P,,,no,no,,683,,1.3,60,8.5,60,,instock,no,no,,no,taxable,,,no,,,,,,,,https://inspiry.co.nz/wp-content/uploads/2022/03/UF-80500-5.jpg ! alt : Arte Wallpaper Metric ! title : Arte Wallpaper Metric 1 ! desc :  ! caption :  | https://inspiry.co.nz/wp-content/uploads/2022/03/UF-80500-1-2.jpg ! alt : Arte Wallpaper Metric ! title : Arte Wallpaper Metric 2 ! desc :  ! caption :  | https://inspiry.co.nz/wp-content/uploads/2022/03/UF-80500-2-2.jpg ! alt : Arte Wallpaper Metric ! title : Arte Wallpaper Metric 3 ! desc :  ! caption :  | https://inspiry.co.nz/wp-content/uploads/2022/03/UF-80500-3-2.jpg ! alt : Arte Wallpaper Metric ! title : Arte Wallpaper Metric 4 ! desc :  ! caption : ,,https://inspiry.co.nz/products/arte-wallpaper-metric/,,,,,,,,,,,,variable,exclude_from_catalog|exclude_from_search,Wallpaper,,Free Shipping,,,,,,yes,,2022-03-12T17:09:43+00:00,,0,,,,,,,,,,,,,,,,,,,,,,,,,,,,,,,,,,,,,,,,,,,,,,,,,,,,,,,,,,,,,,,,,,,,,,,,,,,,,,,,,,,,,,,,,,,,,,Due in 5-7 Days.Order Now!,10|1|0,,,,,,,,,,,,,,,,,,,,,,,,,,,,,,,,,,,,,,Arte Wallpaper,0|1|0,,,,,,,,,,,,,,,,,,,,,,,,,,,,,,,,,,,,,,,,,Oculaire,1|1|0,,,,,80500|80501|80502|80503|80504|80505|80506,2|1|1,,,,,,,,,,,,,,"Back - Non-Woven, Paste The Wall Front -100% Sisal",5|1|0,,,,,,,,,,,,,,,,,,,,,,,,,,,,,,,,,,,,,,,,,Due in 5-7 Days.Order Now!,11|1|0,,,,,,,,,,,Modern Contemporary,3|1|0,,,,,,,,,,,,,,,,,,,,,,,,,,,,,,,,,,,,,,,,,,,,,,,,,,,,,,,,,,,,,,,,,,,,,,,,,,,,,,,,,,,,,,,,,,,,,,,,,,,,,,,,,,,,,,,,,,,,,,,,,,,,,,,,,,,,,,,,,,,,,,,,,,,,,,,,,,,,,,,,,,,,,,,,,,,,,,,,,,,,,,,,,,,,,,,,,,,,,,,,,,,Drop Match,6|1|0,,,,,,,,,,,,,,,,,,,,,,,,,,,,,,,,,,,,,,,,,Belgium,9|1|0,,,,,,,,,,,Motif,4|1|0,,,,,,,,,,,,,,,,,,,,,,,,,,,,,,,,,,,,,,,,,,,,,,,,,,,,,,,,,,,,,,,,,,,,,,,,,,,,,,,,,,,,,,,,,,,,,,,,,,,,,,,,,,,,,,,,,,,,,,,,,,,,,,,,,,,,,,,,,,,,,,,,,,,,,,,,,,,,,,,,,,,,,,,,,,,,,,,,,,,,,,,,,,,,,,,,,,,,,,,,,,,,,,,,,32/16Cm,7|1|0,,,,,,,,,,,,,,,,,,,,,,,,,,,,,,,,,,,,,,,,,90Cm,8|1|0,,,,,,,,,,,,,
Arte Wallpaper Insignia,arte-wallpaper-insignia,,999517736,"Tropical geometry. Insignia combines the botanical trend with geometry in a modern manner. By working with structures and forms you can bring nature into your home in a distinctive and playful way. Here too the shades of colour in the fabric guarantee a soft transition in the pattern. This wallpaper is made from hand-woven sisal fibres, rigorously carved out and processed according to a refined traditional inlay technique.","<h1>Care Code</h1><p><img align=""baseline"" alt=""imageedit 5 2242489781"" height=""133"" src=""https://inspiry.co.nz/wp-content/uploads/2020/09/imageedit_5_2242489781.png"" title=""imageedit 5 2242489781"" width=""127"" /></p><h1>Care CodeGuide</h1><p><span style=""font-size: 1em;"">Careful and regular maintenance is the key to prolonging the life and retaining the appearance of soft furnishings. The following notes are offered as a brief guide on the care and cleaning of wallpaper.<br /><br />Please click </span><strong style=""font-size: 1em;""><a href=""https://inspiry.co.nz/wp-content/uploads/2020/09/Inspiry-Wallpaper-Care-Guide.pdf""><span style=""color:#ff0033;"">here</span><span style=""color:#696969;""> </span></a></strong><span style=""font-size: 1em;"">to download.</span>",publish,,0,10/03/22 15:03,1049,open,UF-80550-P,,,no,no,,605,,1.3,60,8.5,60,,instock,no,no,,no,taxable,,,no,,,,,,,,https://inspiry.co.nz/wp-content/uploads/2022/03/UF-80550-5.jpg ! alt : Arte Wallpaper Insignia ! title : Arte Wallpaper Insignia 1 ! desc :  ! caption :  | https://inspiry.co.nz/wp-content/uploads/2022/03/UF-80550-1-2.jpg ! alt : Arte Wallpaper Insignia ! title : Arte Wallpaper Insignia 2 ! desc :  ! caption :  | https://inspiry.co.nz/wp-content/uploads/2022/03/UF-80550-2-2.jpg ! alt : Arte Wallpaper Insignia ! title : Arte Wallpaper Insignia 3 ! desc :  ! caption :  | https://inspiry.co.nz/wp-content/uploads/2022/03/UF-80550-3-2.jpg ! alt : Arte Wallpaper Insignia ! title : Arte Wallpaper Insignia 4 ! desc :  ! caption : ,,https://inspiry.co.nz/products/arte-wallpaper-insignia/,,,,,,,,,,,,variable,exclude_from_catalog|exclude_from_search,Wallpaper,,Free Shipping,,,,,,yes,,2022-03-12T17:09:46+00:00,,0,,,,,,,,,,,,,,,,,,,,,,,,,,,,,,,,,,,,,,,,,,,,,,,,,,,,,,,,,,,,,,,,,,,,,,,,,,,,,,,,,,,,,,,,,,,,,,Due in 5-7 Days.Order Now!,10|1|0,,,,,,,,,,,,,,,,,,,,,,,,,,,,,,,,,,,,,,Arte Wallpaper,0|1|0,,,,,,,,,,,,,,,,,,,,,,,,,,,,,,,,,,,,,,,,,Oculaire,1|1|0,,,,,80550|80551|80552|80553|80554|80555|80556,2|1|1,,,,,,,,,,,,,,"Back - Non-Woven, Paste The Wall Front -100% Sisal",5|1|0,,,,,,,,,,,,,,,,,,,,,,,,,,,,,,,,,,,,,,,,,Due in 5-7 Days.Order Now!,11|1|0,,,,,,,,,,,Modern Contemporary,3|1|0,,,,,,,,,,,,,,,,,,,,,,,,,,,,,,,,,,,,,,,,,,,,,,,,,,,,,,,,,,,,,,,,,,,,,,,,,,,,,,,,,,,,,,,,,,,,,,,,,,,,,,,,,,,,,,,,,,,,,,,,,,,,,,,,,,,,,,,,,,,,,,,,,,,,,,,,,,,,,,,,,,,,,,,,,,,,,,,,,,,,,,,,,,,,,,,,,,,,,,,,,,,Straight Match,6|1|0,,,,,,,,,,,,,,,,,,,,,,,,,,,,,,,,,,,,,,,,,Belgium,9|1|0,,,,,,,,,,,Motif,4|1|0,,,,,,,,,,,,,,,,,,,,,,,,,,,,,,,,,,,,,,,,,,,,,,,,,,,,,,,,,,,,,,,,,,,,,,,,,,,,,,,,,,,,,,,,,,,,,,,,,,,,,,,,,,,,,,,,,,,,,,,,,,,,,,,,,,,,,,,,,,,,,,,,,,,,,,,,,,,,,,,,,,,,,,,,,,,,,,,,,,,,,,,,,,,,,,,,,,,,,,,,,,,,,,,,,17Cm,7|1|0,,,,,,,,,,,,,,,,,,,,,,,,,,,,,,,,,,,,,,,,,90Cm,8|1|0,,,,,,,,,,,,,
Arte Wallpaper Unite,arte-wallpaper-unite,,999517741,"Round it off. With Unite, circles appear to come together by means of an optical illusion. The contrasting lines and colour variations in the pattern give an extra dimension to the design. This wallpaper is made from hand-woven sisal fibres, rigorously carved out and processed according to a refined traditional inlay technique.","<h1>Care Code</h1><p><img align=""baseline"" alt=""imageedit 5 2242489781"" height=""133"" src=""https://inspiry.co.nz/wp-content/uploads/2020/09/imageedit_5_2242489781.png"" title=""imageedit 5 2242489781"" width=""127"" /></p><h1>Care CodeGuide</h1><p><span style=""font-size: 1em;"">Careful and regular maintenance is the key to prolonging the life and retaining the appearance of soft furnishings. The following notes are offered as a brief guide on the care and cleaning of wallpaper.<br /><br />Please click </span><strong style=""font-size: 1em;""><a href=""https://inspiry.co.nz/wp-content/uploads/2020/09/Inspiry-Wallpaper-Care-Guide.pdf""><span style=""color:#ff0033;"">here</span><span style=""color:#696969;""> </span></a></strong><span style=""font-size: 1em;"">to download.</span>",publish,,0,10/03/22 15:03,1049,open,UF-80600-P,,,no,no,,683,,1.3,60,8.5,60,,instock,no,no,,no,taxable,,,no,,,,,,,,https://inspiry.co.nz/wp-content/uploads/2022/03/UF-80600-5.jpg ! alt : Arte Wallpaper Unite ! title : Arte Wallpaper Unite 1 ! desc :  ! caption :  | https://inspiry.co.nz/wp-content/uploads/2022/03/UF-80600-1-2.jpg ! alt : Arte Wallpaper Unite ! title : Arte Wallpaper Unite 2 ! desc :  ! caption :  | https://inspiry.co.nz/wp-content/uploads/2022/03/UF-80600-2-2.jpg ! alt : Arte Wallpaper Unite ! title : Arte Wallpaper Unite 3 ! desc :  ! caption :  | https://inspiry.co.nz/wp-content/uploads/2022/03/UF-80600-3-2.jpg ! alt : Arte Wallpaper Unite ! title : Arte Wallpaper Unite 4 ! desc :  ! caption : ,,https://inspiry.co.nz/products/arte-wallpaper-unite/,,,,,,,,,,,,variable,exclude_from_catalog|exclude_from_search,Wallpaper,,Free Shipping,,,,,,yes,,2022-03-12T17:09:49+00:00,,0,,,,,,,,,,,,,,,,,,,,,,,,,,,,,,,,,,,,,,,,,,,,,,,,,,,,,,,,,,,,,,,,,,,,,,,,,,,,,,,,,,,,,,,,,,,,,,Due in 5-7 Days.Order Now!,10|1|0,,,,,,,,,,,,,,,,,,,,,,,,,,,,,,,,,,,,,,Arte Wallpaper,0|1|0,,,,,,,,,,,,,,,,,,,,,,,,,,,,,,,,,,,,,,,,,Oculaire,1|1|0,,,,,80600|80601|80602|80603|80604|80605|80606,2|1|1,,,,,,,,,,,,,,"Back - Non-Woven, Paste The Wall Front -100% Sisal",5|1|0,,,,,,,,,,,,,,,,,,,,,,,,,,,,,,,,,,,,,,,,,Due in 5-7 Days.Order Now!,11|1|0,,,,,,,,,,,Modern Contemporary,3|1|0,,,,,,,,,,,,,,,,,,,,,,,,,,,,,,,,,,,,,,,,,,,,,,,,,,,,,,,,,,,,,,,,,,,,,,,,,,,,,,,,,,,,,,,,,,,,,,,,,,,,,,,,,,,,,,,,,,,,,,,,,,,,,,,,,,,,,,,,,,,,,,,,,,,,,,,,,,,,,,,,,,,,,,,,,,,,,,,,,,,,,,,,,,,,,,,,,,,,,,,,,,,Straight Match,6|1|0,,,,,,,,,,,,,,,,,,,,,,,,,,,,,,,,,,,,,,,,,Belgium,9|1|0,,,,,,,,,,,Motif,4|1|0,,,,,,,,,,,,,,,,,,,,,,,,,,,,,,,,,,,,,,,,,,,,,,,,,,,,,,,,,,,,,,,,,,,,,,,,,,,,,,,,,,,,,,,,,,,,,,,,,,,,,,,,,,,,,,,,,,,,,,,,,,,,,,,,,,,,,,,,,,,,,,,,,,,,,,,,,,,,,,,,,,,,,,,,,,,,,,,,,,,,,,,,,,,,,,,,,,,,,,,,,,,,,,,,,45Cm,7|1|0,,,,,,,,,,,,,,,,,,,,,,,,,,,,,,,,,,,,,,,,,90Cm,8|1|0,,,,,,,,,,,,,
Arte Wallpaper Bearded Leopard,arte-wallpaper-bearded-leopard,,999517750,"Foil based wallcovering lined with cork and flock, based on the fur of the Bearded Leopard",,publish,,0,10/03/22 15:03,1049,open,UF-MO2051-P,,,no,no,,409,,1.3,60,8.5,60,,instock,no,no,,no,taxable,,,no,,,,,,,,https://inspiry.co.nz/wp-content/uploads/2022/03/UF-MO2051.jpg ! alt : Arte Wallpaper Bearded Leopard  ! title : Arte Wallpaper Bearded Leopard  1 ! desc :  ! caption :  | https://inspiry.co.nz/wp-content/uploads/2022/03/UF-MO2051-1.jpg ! alt : Arte Wallpaper Bearded Leopard  ! title : Arte Wallpaper Bearded Leopard  2 ! desc :  ! caption :  | https://inspiry.co.nz/wp-content/uploads/2022/03/UF-MO2051-2.jpg ! alt : Arte Wallpaper Bearded Leopard  ! title : Arte Wallpaper Bearded Leopard  3 ! desc :  ! caption :  | https://inspiry.co.nz/wp-content/uploads/2022/03/UF-MO2051-3.jpg ! alt : Arte Wallpaper Bearded Leopard  ! title : Arte Wallpaper Bearded Leopard  4 ! desc :  ! caption :  | https://inspiry.co.nz/wp-content/uploads/2022/03/UF-MO2051-4.jpg ! alt : Arte Wallpaper Bearded Leopard  ! title : Arte Wallpaper Bearded Leopard  5 ! desc :  ! caption : ,,https://inspiry.co.nz/products/arte-wallpaper-bearded-leopard/,,,,,,,,,,,,variable,exclude_from_catalog|exclude_from_search,Wallpaper,,Free Shipping,,,,,,yes,,2022-03-12T17:09:52+00:00,,0,,,,,,,,,,,,,,,,,,,,,,,,,,,,,,,,,,,,,,,,,,,,,,,,,,,,,,,,,,,,,,,,,,,,,,,,,,,,"Adhesive for non-woven wallcovering like Arte Clearpro, or Metyl Special (200 g in 4 l of water) with the addition of 20% PVA adhesive",7|1|0,,,,,,,,,,,,,,,,,Due in 5-7 Days.Order Now!,13|1|0,,,,,,,,,,,,,,,,,,,,,,,,,,,,,,,,,,,,,,Arte Wallpaper,0|1|0,,,,,,,,,,,Spongeable during hanging (dab away damp glue),9|1|0,,,,,,,,,,,,,,,,,,,,,,,,,,,,,Moooi Wallcovering Extinct Animals,1|1|0,,,,,Birch White|Blackended Blue|Blackended Gold|Fossil Grey,2|1|1,,,,,,,,,,,,,,,,,,,,,,,,,,,,,,,,,,,,,,,,,,,,,,,,,,,,,,,,Due in 5-7 Days.Order Now!,14|1|0,,,,,,,,,,,,,,,,,,,,,,,,,,,,,,,,,,,,,,,,,,,,,,,,,,,,,,,,,,,,,,,,,,,,,,,,,,,,,,,,,,,,,,"B-s1, d0 / Class A",12|1|0,,,,,,,,,,,,,,,,,,,,,,,,,,,,,,,,,,,,,,,,,,,,,,,,,,,,,Paste the wall,10|1|0,,Strippable,11|1|0,,,,,,,,,,,,,,,,,,,,,,,,,,,,,,,,,,,,,,,,,,,,,,,,,,,,,Good lightfastness,8|1|0,,,,,,,,,,,,,,,,,Straight Match,3|1|0,,,,,,,,,,,,,,,,,,,,,,,,,,,,,,,,,,,,,,,,,,,,,,,,,,,,,,,,,,,,,,,,,,,,,,,,,,,,,,,,,,,,,,,,,,,,,,,,,,,,,,,,,,,,,,,,,"90 cm (35.43"")",6|1|0,,,,,,,,,,,,,,,,,,,,,,,,,,,,,,,,,,,,,,,,,,,,,,,,,,,,,,,,,,,,,,,,,,,,the linear metre/yard,5|1|0,,,,,,,,,,,,,,,,,,,,,,,,,,,,,,,,,,,,,,,,,,,,,,,,,,,,,,,,,,,,,,,,,,,,,,,,,,,,,,,,,,,,,,,,,,,,,,,,,,,,,,,,,,,,,,,,,,,,,,,,,,"90 cm (35.43"")",4|1|0,,,,,,,,,,,,,
Arte Wallpaper Umbrella Squid,arte-wallpaper-umbrella-squid,,999517756,"Wallcovering with a textured print, based on the magical skin of the Umbrella Squid",,publish,,0,10/03/22 15:03,1049,open,UF-MO2061-P,,,no,no,,391,,1.3,60,8.5,60,,instock,no,no,,no,taxable,,,no,,,,,,,,https://inspiry.co.nz/wp-content/uploads/2022/03/UF-MO2061-4.jpg ! alt : Arte Wallpaper Umbrella Squid  ! title : Arte Wallpaper Umbrella Squid  1 ! desc :  ! caption :  | https://inspiry.co.nz/wp-content/uploads/2022/03/UF-MO2061-1-1.jpg ! alt : Arte Wallpaper Umbrella Squid  ! title : Arte Wallpaper Umbrella Squid  2 ! desc :  ! caption :  | https://inspiry.co.nz/wp-content/uploads/2022/03/UF-MO2061-2-1.jpg ! alt : Arte Wallpaper Umbrella Squid  ! title : Arte Wallpaper Umbrella Squid  3 ! desc :  ! caption :  | https://inspiry.co.nz/wp-content/uploads/2022/03/UF-MO2061-3-1.jpg ! alt : Arte Wallpaper Umbrella Squid  ! title : Arte Wallpaper Umbrella Squid  4 ! desc :  ! caption : ,,https://inspiry.co.nz/products/arte-wallpaper-umbrella-squid/,,,,,,,,,,,,variable,exclude_from_catalog|exclude_from_search,Wallpaper,,Free Shipping,,,,,,yes,,2022-03-12T17:09:54+00:00,,0,,,,,,,,,,,,,,,,,,,,,,,,,,,,,,,,,,,,,,,,,,,,,,,,,,,,,,,,,,,,,,,,,,,,,,,,,,,,Adhesive for non-woven wallcovering like Arte Clearpro or 100% dispersion adhesive,7|1|0,,,,,,,,,,,,,,,,,Due in 5-7 Days.Order Now!,13|1|0,,,,,,,,,,,,,,,,,,,,,,,,,,,,,,,,,,,,,,Arte Wallpaper,0|1|0,,,,,,,,,,,Washable,9|1|0,,,,,,,,,,,,,,,,,,,,,,,,,,,,,Moooi Wallcovering Extinct Animals,1|1|0,,,,,Gold|Indigo|Rose|Silver,2|1|1,,,,,,,,,,,,,,,,,,,,,,,,,,,,,,,,,,,,,,,,,,,,,,,,,,,,,,,,Due in 5-7 Days.Order Now!,14|1|0,,,,,,,,,,,,,,,,,,,,,,,,,,,,,,,,,,,,,,,,,,,,,,,,,,,,,,,,,,,,,,,,,,,,,,,,,,,,,,,,,,,,,,"B-s1, d0 / Class A",12|1|0,,,,,,,,,,,,,,,,,,,,,,,,,,,,,,,,,,,,,,,,,,,,,,,,,,,,,Paste the wall,10|1|0,,Strippable,11|1|0,,,,,,,,,,,,,,,,,,,,,,,,,,,,,,,,,,,,,,,,,,,,,,,,,,,,,Good lightfastness,8|1|0,,,,,,,,,,,,,,,,,Straight Match,3|1|0,,,,,,,,,,,,,,,,,,,,,,,,,,,,,,,,,,,,,,,,,,,,,,,,,,,,,,,,,,,,,,,,,,,,,,,,,,,,,,,,,,,,,,,,,,,,,,,,,,,,,,,,,,,,,,,,,"12.8 cm (5.04"")",6|1|0,,,,,,,,,,,,,,,,,,,,,,,,,,,,,,,,,,,,,,,,,,,,,,,,,,,,,,,,,,,,,,,,,,,,the linear metre/yard,5|1|0,,,,,,,,,,,,,,,,,,,,,,,,,,,,,,,,,,,,,,,,,,,,,,,,,,,,,,,,,,,,,,,,,,,,,,,,,,,,,,,,,,,,,,,,,,,,,,,,,,,,,,,,,,,,,,,,,,,,,,,,,,"90 cm (35.43"")",4|1|0,,,,,,,,,,,,,
Arte Wallpaper Dwarf Rhino,arte-wallpaper-dwarf-rhino,,999517761,"3D wallcovering with a soft suede look, based on the unique structure of the ancient skin of the Dwarf Rhino",,publish,,0,10/03/22 15:03,1049,open,UF-MO2081-P,,,no,no,,994,,1.3,60,8.5,60,,instock,no,no,,no,taxable,,,no,,,,,,,,https://inspiry.co.nz/wp-content/uploads/2022/03/UF-MO2081.jpg ! alt : Arte Wallpaper Dwarf Rhino  ! title : Arte Wallpaper Dwarf Rhino  1 ! desc :  ! caption :  | https://inspiry.co.nz/wp-content/uploads/2022/03/UF-MO2081-1.jpg ! alt : Arte Wallpaper Dwarf Rhino  ! title : Arte Wallpaper Dwarf Rhino  2 ! desc :  ! caption :  | https://inspiry.co.nz/wp-content/uploads/2022/03/UF-MO2081-2.jpg ! alt : Arte Wallpaper Dwarf Rhino  ! title : Arte Wallpaper Dwarf Rhino  3 ! desc :  ! caption :  | https://inspiry.co.nz/wp-content/uploads/2022/03/UF-MO2081-3.jpg ! alt : Arte Wallpaper Dwarf Rhino  ! title : Arte Wallpaper Dwarf Rhino  4 ! desc :  ! caption : ,,https://inspiry.co.nz/products/arte-wallpaper-dwarf-rhino/,,,,,,,,,,,,variable,exclude_from_catalog|exclude_from_search,Wallpaper,,Free Shipping,,,,,,yes,,2022-03-12T17:09:55+00:00,,0,,,,,,,,,,,,,,,,,,,,,,,,,,,,,,,,,,,,,,,,,,,,,,,,,,,,,,,,,,,,,,,,,,,,,,,,,,,,Adhesive for non-woven wallcovering like Arte Clearpro or 100% dispersion adhesive,7|1|0,,,,,,,,,,,,,,,,,Due in 5-7 Days.Order Now!,13|1|0,,,,,,,,,,,,,,,,,,,,,,,,,,,,,,,,,,,,,,Arte Wallpaper,0|1|0,,,,,,,,,,,Spongeable during hanging (dab away damp glue),9|1|0,,,,,,,,,,,,,,,,,,,,,,,,,,,,,Moooi Wallcovering Extinct Animals,1|1|0,,,,,Brick|Charcol|Egg Shell|Sage|Sand Beige,2|1|1,,,,,,,,,,,,,,,,,,,,,,,,,,,,,,,,,,,,,,,,,,,,,,,,,,,,,,,,Due in 5-7 Days.Order Now!,14|1|0,,,,,,,,,,,,,,,,,,,,,,,,,,,,,,,,,,,,,,,,,,,,,,,,,,,,,,,,,,,,,,,,,,,,,,,,,,,,,,,,,,,,,,"B-s1, d0 / Class A",12|1|0,,,,,,,,,,,,,,,,,,,,,,,,,,,,,,,,,,,,,,,,,,,,,,,,,,,,,Paste the wall,10|1|0,,Strippable,11|1|0,,,,,,,,,,,,,,,,,,,,,,,,,,,,,,,,,,,,,,,,,,,,,,,,,,,,,Good lightfastness,8|1|0,,,,,,,,,,,,,,,,,Straight Match,3|1|0,,,,,,,,,,,,,,,,,,,,,,,,,,,,,,,,,,,,,,,,,,,,,,,,,,,,,,,,,,,,,,,,,,,,,,,,,,,,,,,,,,,,,,,,,,,,,,,,,,,,,,,,,,,,,,,,,"109 cm (42.91"")",6|1|0,,,,,,,,,,,,,,,,,,,,,,,,,,,,,,,,,,,,,,,,,,,,,,,,,,,,,,,,,,,,,,,,,,,,the linear metre/yard,5|1|0,,,,,,,,,,,,,,,,,,,,,,,,,,,,,,,,,,,,,,,,,,,,,,,,,,,,,,,,,,,,,,,,,,,,,,,,,,,,,,,,,,,,,,,,,,,,,,,,,,,,,,,,,,,,,,,,,,,,,,,,,,"124 cm (48.82"")",4|1|0,,,,,,,,,,,,,
Arte Wallpaper Dupion,arte-wallpaper-dupion,,999517766,100% real silk textile wallcovering with its known irregularities,,publish,,0,10/03/22 15:03,1049,open,UF-87200-P,,,no,no,,474,,1.3,60,8.5,60,,instock,no,no,,no,taxable,,,no,,,,,,,,https://inspiry.co.nz/wp-content/uploads/2022/03/UF-87200-5-2.jpg ! alt : Arte Wallpaper Dupion  ! title : Arte Wallpaper Dupion  1 ! desc :  ! caption :  | https://inspiry.co.nz/wp-content/uploads/2022/03/UF-87200-1-1-2.jpg ! alt : Arte Wallpaper Dupion  ! title : Arte Wallpaper Dupion  2 ! desc :  ! caption :  | https://inspiry.co.nz/wp-content/uploads/2022/03/UF-87200-2-1-2.jpg ! alt : Arte Wallpaper Dupion  ! title : Arte Wallpaper Dupion  3 ! desc :  ! caption :  | https://inspiry.co.nz/wp-content/uploads/2022/03/UF-87200-3-1-2.jpg ! alt : Arte Wallpaper Dupion  ! title : Arte Wallpaper Dupion  4 ! desc :  ! caption :  | https://inspiry.co.nz/wp-content/uploads/2022/03/UF-87200-4-1-2.jpg ! alt : Arte Wallpaper Dupion  ! title : Arte Wallpaper Dupion  5 ! desc :  ! caption : ,,https://inspiry.co.nz/products/arte-wallpaper-dupion/,,,,,,,,,,,,variable,exclude_from_catalog|exclude_from_search,Wallpaper,,Free Shipping,,,,,,yes,,2022-03-12T17:10:00+00:00,,0,,,,,,,,,,,,,,,,,,,,,,,,,,,,,,,,,,,,,,,,,,,,,,,,,,,,,,,,,,,,,,,,,,,,,,,,,,,,"Adhesive for non-woven wallcovering like Arte Clearpro, or Metyl Special (200 g in 4 l of water) with the addition of 20% PVA adhesive",7|1|0,,,,,,,,,,,,,,,,,Due in 5-7 Days.Order Now!,12|1|0,,,,,,,,,,,,,,,,,,,,,,,,,,,,,,,,,,,,,,Arte Wallpaper,0|1|0,,,,,,,,,,,Spongeable during hanging (dab away damp glue),9|1|0,,,,,,,,,,,,,,,,,,,,,,,,,,,,,Kami,1|1|0,,,,,87200|87201|87202|87203|87204|87205|87206|87207|87208|87209|87210|87211|87212|87213|87214,2|1|1,,,,,,,,,,,,,,,,,,,,,,,,,,,,,,,,,,,,,,,,,,,,,,,,,,,,,,,,Due in 5-7 Days.Order Now!,13|1|0,,,,,,,,,,,,,,,,,,,,,,,,,,,,,,,,,,,,,,,,,,,,,,,,,,,,,,,,,,,,,,,,,,,,,,,,,,,,,,,,,,,,,,,,,,,,,,,,,,,,,,,,,,,,,,,,,,,,,,,,,,,,,,,,,,,,,,,,,,,,Paste the wall,10|1|0,,Strippable,11|1|0,,,,,,,,,,,,,,,,,,,,,,,,,,,,,,,,,,,,,,,,,,,,,,,,,,,,,Moderate lightfastness,8|1|0,,,,,,,,,,,,,,,,,Free Match,3|1|0,,,,,,,,,,,,,,,,,,,,,,,,,,,,,,,,,,,,,,,,,,,,,,,,,,,,,,,,,,,,,,,,,,,,,,,,,,,,,,,,,,,,,,,,,,,,,,,,,,,,,,,,,,,,,,,,,Nil,6|1|0,,,,,,,,,,,,,,,,,,,,,,,,,,,,,,,,,,,,,,,,,,,,,,,,,,,,,,,,,,,,,,,,,,,,the linear metre,5|1|0,,,,,,,,,,,,,,,,,,,,,,,,,,,,,,,,,,,,,,,,,,,,,,,,,,,,,,,,,,,,,,,,,,,,,,,,,,,,,,,,,,,,,,,,,,,,,,,,,,,,,,,,,,,,,,,,,,,,,,,,,,137 cm (53.94√¢‚Ç¨¬ù),4|1|0,,,,,,,,,,,,,
Arte Wallpaper Origami,arte-wallpaper-origami,,999517772,Imitation of folded paper where the folds create a lot of relief,,publish,,0,10/03/22 15:03,1049,open,UF-87220-P,,,no,no,,690,,1.3,60,8.5,60,,instock,no,no,,no,taxable,,,no,,,,,,,,https://inspiry.co.nz/wp-content/uploads/2022/03/UF-87220-2.jpg ! alt : Arte Wallpaper Origami  ! title : Arte Wallpaper Origami  1 ! desc :  ! caption :  | https://inspiry.co.nz/wp-content/uploads/2022/03/UF-87220-1-1-2.jpg ! alt : Arte Wallpaper Origami  ! title : Arte Wallpaper Origami  2 ! desc :  ! caption :  | https://inspiry.co.nz/wp-content/uploads/2022/03/UF-87220-2-1-2.jpg ! alt : Arte Wallpaper Origami  ! title : Arte Wallpaper Origami  3 ! desc :  ! caption :  | https://inspiry.co.nz/wp-content/uploads/2022/03/UF-87220-3-1-2.jpg ! alt : Arte Wallpaper Origami  ! title : Arte Wallpaper Origami  4 ! desc :  ! caption :  | https://inspiry.co.nz/wp-content/uploads/2022/03/UF-87220-4-1-2.jpg ! alt : Arte Wallpaper Origami  ! title : Arte Wallpaper Origami  5 ! desc :  ! caption : ,,https://inspiry.co.nz/products/arte-wallpaper-origami/,,,,,,,,,,,,variable,exclude_from_catalog|exclude_from_search,Wallpaper,,Free Shipping,,,,,,yes,,2022-03-12T17:10:04+00:00,,0,,,,,,,,,,,,,,,,,,,,,,,,,,,,,,,,,,,,,,,,,,,,,,,,,,,,,,,,,,,,,,,,,,,,,,,,,,,,"Adhesive for non-woven wallcovering like Arte Clearpro, or Metyl Special (200 g in 4 l of water) with the addition of 20% PVA adhesive",7|1|0,,,,,,,,,,,,,,,,,Due in 5-7 Days.Order Now!,12|1|0,,,,,,,,,,,,,,,,,,,,,,,,,,,,,,,,,,,,,,Arte Wallpaper,0|1|0,,,,,,,,,,,Spongeable during hanging (dab away damp glue),9|1|0,,,,,,,,,,,,,,,,,,,,,,,,,,,,,Kami,1|1|0,,,,,87220|87221|87222|87223|87224|87225|87226|87227|87228|87229,2|1|1,,,,,,,,,,,,,,,,,,,,,,,,,,,,,,,,,,,,,,,,,,,,,,,,,,,,,,,,Due in 5-7 Days.Order Now!,13|1|0,,,,,,,,,,,,,,,,,,,,,,,,,,,,,,,,,,,,,,,,,,,,,,,,,,,,,,,,,,,,,,,,,,,,,,,,,,,,,,,,,,,,,,,,,,,,,,,,,,,,,,,,,,,,,,,,,,,,,,,,,,,,,,,,,,,,,,,,,,,,Paste the wall,10|1|0,,Strippable,11|1|0,,,,,,,,,,,,,,,,,,,,,,,,,,,,,,,,,,,,,,,,,,,,,,,,,,,,,Good lightfastness,8|1|0,,,,,,,,,,,,,,,,,Free Match,3|1|0,,,,,,,,,,,,,,,,,,,,,,,,,,,,,,,,,,,,,,,,,,,,,,,,,,,,,,,,,,,,,,,,,,,,,,,,,,,,,,,,,,,,,,,,,,,,,,,,,,,,,,,,,,,,,,,,,Nil,6|1|0,,,,,,,,,,,,,,,,,,,,,,,,,,,,,,,,,,,,,,,,,,,,,,,,,,,,,,,,,,,,,,,,,,,,the linear metre,5|1|0,,,,,,,,,,,,,,,,,,,,,,,,,,,,,,,,,,,,,,,,,,,,,,,,,,,,,,,,,,,,,,,,,,,,,,,,,,,,,,,,,,,,,,,,,,,,,,,,,,,,,,,,,,,,,,,,,,,,,,,,,,"122 cm (48.03"")",4|1|0,,,,,,,,,,,,,
Arte Wallpaper Koi,arte-wallpaper-koi,,999517778,Scene of a Japanese pond viewed from above on textile with a silk look,,publish,,0,10/03/22 15:03,1049,open,UF-87240-P,,,no,no,,529,,1.3,60,8.5,60,,instock,no,no,,no,taxable,,,no,,,,,,,,https://inspiry.co.nz/wp-content/uploads/2022/03/UF-87240-3-3.jpg ! alt : Arte Wallpaper Koi  ! title : Arte Wallpaper Koi  1 ! desc :  ! caption :  | https://inspiry.co.nz/wp-content/uploads/2022/03/UF-87240-1-1-2.jpg ! alt : Arte Wallpaper Koi  ! title : Arte Wallpaper Koi  2 ! desc :  ! caption :  | https://inspiry.co.nz/wp-content/uploads/2022/03/UF-87240-2-1-2.jpg ! alt : Arte Wallpaper Koi  ! title : Arte Wallpaper Koi  3 ! desc :  ! caption :  | https://inspiry.co.nz/wp-content/uploads/2022/03/UF-87240-3-1-2.jpg ! alt : Arte Wallpaper Koi  ! title : Arte Wallpaper Koi  4 ! desc :  ! caption :  | https://inspiry.co.nz/wp-content/uploads/2022/03/UF-87240-4-1-2.jpg ! alt : Arte Wallpaper Koi  ! title : Arte Wallpaper Koi  5 ! desc :  ! caption : ,,https://inspiry.co.nz/products/arte-wallpaper-koi/,,,,,,,,,,,,variable,exclude_from_catalog|exclude_from_search,Wallpaper,,Free Shipping,,,,,,yes,,2022-03-12T17:10:06+00:00,,0,,,,,,,,,,,,,,,,,,,,,,,,,,,,,,,,,,,,,,,,,,,,,,,,,,,,,,,,,,,,,,,,,,,,,,,,,,,,"Adhesive for non-woven wallcovering like Arte Clearpro, or Metyl Special (200 g in 4 l of water) with the addition of 20% PVA adhesive",7|1|0,,,,,,,,,,,,,,,,,Due in 5-7 Days.Order Now!,12|1|0,,,,,,,,,,,,,,,,,,,,,,,,,,,,,,,,,,,,,,Arte Wallpaper,0|1|0,,,,,,,,,,,Spongeable during hanging (dab away damp glue),9|1|0,,,,,,,,,,,,,,,,,,,,,,,,,,,,,Kami,1|1|0,,,,,87240|87241|87242,2|1|1,,,,,,,,,,,,,,,,,,,,,,,,,,,,,,,,,,,,,,,,,,,,,,,,,,,,,,,,Due in 5-7 Days.Order Now!,13|1|0,,,,,,,,,,,,,,,,,,,,,,,,,,,,,,,,,,,,,,,,,,,,,,,,,,,,,,,,,,,,,,,,,,,,,,,,,,,,,,,,,,,,,,,,,,,,,,,,,,,,,,,,,,,,,,,,,,,,,,,,,,,,,,,,,,,,,,,,,,,,Paste the wall,10|1|0,,Strippable,11|1|0,,,,,,,,,,,,,,,,,,,,,,,,,,,,,,,,,,,,,,,,,,,,,,,,,,,,,Good lightfastness,8|1|0,,,,,,,,,,,,,,,,,Drop Match,3|1|0,,,,,,,,,,,,,,,,,,,,,,,,,,,,,,,,,,,,,,,,,,,,,,,,,,,,,,,,,,,,,,,,,,,,,,,,,,,,,,,,,,,,,,,,,,,,,,,,,,,,,,,,,,,,,,,,,"186/93 cm (73.23""/36.61"")",6|1|0,,,,,,,,,,,,,,,,,,,,,,,,,,,,,,,,,,,,,,,,,,,,,,,,,,,,,,,,,,,,,,,,,,,,the linear metre,5|1|0,,,,,,,,,,,,,,,,,,,,,,,,,,,,,,,,,,,,,,,,,,,,,,,,,,,,,,,,,,,,,,,,,,,,,,,,,,,,,,,,,,,,,,,,,,,,,,,,,,,,,,,,,,,,,,,,,,,,,,,,,,"120 cm (47.24"")",4|1|0,,,,,,,,,,,,,
Arte Wallpaper Tinneroy,arte-wallpaper-tinneroy,,999517788,A fine ribbed velvet structure,,publish,,0,10/03/22 15:03,1049,open,UF-29500-P,,,no,no,,699,,1.3,60,8.5,60,,instock,no,no,,no,taxable,,,no,,,,,,,,https://inspiry.co.nz/wp-content/uploads/2022/03/UF-29500-2-3.jpg ! alt : Arte Wallpaper Tinneroy  ! title : Arte Wallpaper Tinneroy  1 ! desc :  ! caption :  | https://inspiry.co.nz/wp-content/uploads/2022/03/UF-29500-1-1-2.jpg ! alt : Arte Wallpaper Tinneroy  ! title : Arte Wallpaper Tinneroy  2 ! desc :  ! caption :  | https://inspiry.co.nz/wp-content/uploads/2022/03/UF-29500-2-1-2.jpg ! alt : Arte Wallpaper Tinneroy  ! title : Arte Wallpaper Tinneroy  3 ! desc :  ! caption :  | https://inspiry.co.nz/wp-content/uploads/2022/03/UF-29500-3-1-2.jpg ! alt : Arte Wallpaper Tinneroy  ! title : Arte Wallpaper Tinneroy  4 ! desc :  ! caption : ,,https://inspiry.co.nz/products/arte-wallpaper-tinneroy/,,,,,,,,,,,,variable,exclude_from_catalog|exclude_from_search,Wallpaper,,Free Shipping,,,,,,yes,,2022-03-12T17:10:09+00:00,,0,,,,,,,,,,,,,,,,,,,,,,,,,,,,,,,,,,,,,,,,,,,,,,,,,,,,,,,,,,,,,,,,,,,,,,,,,,,,Adhesive for non-woven wallcovering like Arte Clearpro or 100% dispersion adhesive,14|1|0,,,,,,,,,,,,,,,,,Due in 5-7 Days.Order Now!,22|1|0,,,,,,,,,,,,,,,,,,,,,,,,,,,,,,,,,,,,,,Arte Wallpaper,1|1|0,,,,,,,,,,,Spongeable during hanging (dab away damp glue),16|1|0,,,,,,,,,,,,,,,,,,,,,,,,,,,,,Lush,2|1|0,,,,,29500|59501|59502|59503|59504|59505|59506|59507,3|1|1,,,,,,,,,,,,,,,,,,,,,,,,,,,,,,,,,,,,,,,,,,,,,,,,,,,,,,,,Due in 5-7 Days.Order Now!,23|1|0,,,,,,,,,,,,,,,,,,,,,,,,,,,,,,,,,,,,,,,,,,,,,,,,,,,,,,,,,,,,,,,,,,,,,,,,,,,,,,,,,,,,,,Class A,19|1|0,,,,,,,,,,,,,,,,,,,,,,,,,,,,,,,,,,,,,,,,,,,,,,,,,,,,,Paste the wall,17|1|0,,Strippable,18|1|0,,,,,,,,,,,,,,,,,,,,,,,,,,,,,,,,,,,,,,,,,,,,,,,,,,,,,Good lightfastness,15|1|0,,,,,,,,,,,,,,,,,Free Match,7|1|0,,,,,,,,,,,,,,,,,,,,,,,,,,,,,,,,,,,,,,,,,,,,,,,,,,,,,,,,,,,,,,,,,,,,,,,,,,,,,,,,,,,,,,,,,,,,,,,,,,,,,,,,,,,,,,Typical for velvet are the colour changes between the different panels and when stroking the fabric. This gives the collection Lush beautiful colour dynamics that ensure a luxurious appearance,20|1|0,,Nil,13|1|0,,,,,,,,,,,,,,,,,,,,,,,,,,,,,,,,,,,,,,,,,,,,,,,,,,,,,,,,,,,,,,,,,,,,the linear metre,11|1|0,,,,,,,,,,,,,,,,,,,,,,,,,,,,,,,,,,,,,,,,,,,,,,,,,,,,,,,,,,,,,,,,,,,,,,,,,,,,,,,,,,,,,,,,,,,,,,,,,,,,,,,,,,,,,,,,,,,,,,,,,,135 cm (53.15√¢‚Ç¨¬ù),9|1|0,,,,,,,,,,,,,
Arte Wallpaper Corduroy,arte-wallpaper-corduroy,,999517793,A wide ribbed velvet structure,,publish,,0,10/03/22 15:03,1049,open,UF-29510-P,,,no,no,,729,,1.3,60,8.5,60,,instock,no,no,,no,taxable,,,no,,,,,,,,https://inspiry.co.nz/wp-content/uploads/2022/03/UF-29510-2.jpg ! alt : Arte Wallpaper Corduroy  ! title : Arte Wallpaper Corduroy  1 ! desc :  ! caption :  | https://inspiry.co.nz/wp-content/uploads/2022/03/UF-29510-1-1-2.jpg ! alt : Arte Wallpaper Corduroy  ! title : Arte Wallpaper Corduroy  2 ! desc :  ! caption :  | https://inspiry.co.nz/wp-content/uploads/2022/03/UF-29510-2-1-2.jpg ! alt : Arte Wallpaper Corduroy  ! title : Arte Wallpaper Corduroy  3 ! desc :  ! caption : ,,https://inspiry.co.nz/products/arte-wallpaper-corduroy/,,,,,,,,,,,,variable,exclude_from_catalog|exclude_from_search,Wallpaper,,Free Shipping,,,,,,yes,,2022-03-12T17:10:14+00:00,,0,,,,,,,,,,,,,,,,,,,,,,,,,,,,,,,,,,,,,,,,,,,,,,,,,,,,,,,,,,,,,,,,,,,,,,,,,,,,Adhesive for non-woven wallcovering like Arte Clearpro or 100% dispersion adhesive,14|1|0,,,,,,,,,,,,,,,,,Due in 5-7 Days.Order Now!,22|1|0,,,,,,,,,,,,,,,,,,,,,,,,,,,,,,,,,,,,,,Arte Wallpaper,1|1|0,,,,,,,,,,,,,,,,,,,,,,,,,,,,,,,,,,,,,,,,,Lush,2|1|0,,,,,29510|29511|29512|29513|29514|29515|29516|29517|29518|29519,3|1|1,,,,,,,,,,,,,,,,,,,,,,,,,,,,,,,,,,,,,,,,,,,,,,,,,,,,,,,,Due in 5-7 Days.Order Now!,23|1|0,,,,,,,,,,,,,,,,,,,,,,,,,,,,,,,,,,,,,,,,,,,,,,,,,,,,,,,,,,,,,,,,,,,,,,,,,,,,,,,,,,,,,,"B-s1, d0 / Class A",19|1|0,,,,,,,,,,,,,,,,,,,,,,,,,,,,,,,,,,,,,,,,,,,,,,,,,,,,,Paste the wall,17|1|0,,Strippable,18|1|0,,,,,,,,,,,,,,,,,,,,,,,,,,,,,,,,,,,,,,,,,,,,,,,,,,,,,Good lightfastness,15|1|0,,,,,,,,,,,,,,,,,Free Match,7|1|0,,,,,,,,,,,,,,,,,,,,,,,,,,,,,,,,,,,,,,,,,,,,,,,,,,,,,,,,,,,,,,,,,,,,,,,,,,,,,,,,,,,,,,,,,,,,,,,,,,,,,,,,,,,,,,Typical for velvet are the colour changes between the different panels and when stroking the fabric. This gives the collection Lush beautiful colour dynamics that ensure a luxurious appearance,20|1|0,,Nil,13|1|0,,,,,,,,,,,,,,,,,,,,,,,,,,,,,,,,,,,,,,,,,,,,,,,,,,,,,,,,,,,,,,,,,,,,the linear metre,11|1|0,,,,,,,,,,,,,,,,,,,,,,,,,,,,,,,,,,,,,,,,,,,,,,,,,,,,,,,,,,,,,,,,,,,,,,,,,,,,,,,,,,,,,,,,,,,,,,,,,,,,,,,,,,,,,,,,,,,,,,,,,,135 cm (53.15√¢‚Ç¨¬ù),9|1|0,,,,,,,,,,,,,
Arte Wallpaper Tropicalia,arte-wallpaper-tropicalia,,999517797,A rich velvet textile with an image of tropical leaves,,publish,,0,10/03/22 15:03,1049,open,UF-29530-P,,,no,no,,823,,1.3,60,8.5,60,,instock,no,no,,no,taxable,,,no,,,,,,,,https://inspiry.co.nz/wp-content/uploads/2022/03/UF-29530-4-2.jpg ! alt : Arte Wallpaper Tropicalia  ! title : Arte Wallpaper Tropicalia  1 ! desc :  ! caption :  | https://inspiry.co.nz/wp-content/uploads/2022/03/UF-29530-1-1-2.jpg ! alt : Arte Wallpaper Tropicalia  ! title : Arte Wallpaper Tropicalia  2 ! desc :  ! caption :  | https://inspiry.co.nz/wp-content/uploads/2022/03/UF-29530-2-1-2.jpg ! alt : Arte Wallpaper Tropicalia  ! title : Arte Wallpaper Tropicalia  3 ! desc :  ! caption :  | https://inspiry.co.nz/wp-content/uploads/2022/03/UF-29530-3-1-2.jpg ! alt : Arte Wallpaper Tropicalia  ! title : Arte Wallpaper Tropicalia  4 ! desc :  ! caption : ,,https://inspiry.co.nz/products/arte-wallpaper-tropicalia/,,,,,,,,,,,,variable,exclude_from_catalog|exclude_from_search,Wallpaper,,Free Shipping,,,,,,yes,,2022-03-12T17:10:16+00:00,,0,,,,,,,,,,,,,,,,,,,,,,,,,,,,,,,,,,,,,,,,,,,,,,,,,,,,,,,,,,,,,,,,,,,,,,,,,,,,Adhesive for non-woven wallcovering like Arte Clearpro or 100% dispersion adhesive,14|1|0,,,,,,,,,,,,,,,,,Due in 5-7 Days.Order Now!,22|1|0,,,,,,,,,,,,,,,,,,,,,,,,,,,,,,,,,,,,,,Arte Wallpaper,1|1|0,,,,,,,,,,,,,,,,,,,,,,,,,,,,,,,,,,,,,,,,,Lush,2|1|0,,,,,29530|29531,3|1|1,,,,,,,,,,,,,,,,,,,,,,,,,,,,,,,,,,,,,,,,,,,,,,,,,,,,,,,,Due in 5-7 Days.Order Now!,23|1|0,,,,,,,,,,,,,,,,,,,,,,,,,,,,,,,,,,,,,,,,,,,,,,,,,,,,,,,,,,,,,,,,,,,,,,,,,,,,,,,,,,,,,,"B-s1, d0 / Class A",19|1|0,,,,,,,,,,,,,,,,,,,,,,,,,,,,,,,,,,,,,,,,,,,,,,,,,,,,,Paste the wall,17|1|0,,Strippable,18|1|0,,,,,,,,,,,,,,,,,,,,,,,,,,,,,,,,,,,,,,,,,,,,,,,,,,,,,Good lightfastness,15|1|0,,,,,,,,,,,,,,,,,Straight Match,7|1|0,,,,,,,,,,,,,,,,,,,,,,,,,,,,,,,,,,,,,,,,,,,,,,,,,,,,,,,,,,,,,,,,,,,,,,,,,,,,,,,,,,,,,,,,,,,,,,,,,,,,,,,,,,,,,,Typical for velvet are the colour changes between the different panels and when stroking the fabric. This gives the collection Lush beautiful colour dynamics that ensure a luxurious appearance,20|1|0,,Nil,13|1|0,,,,,,,,,,,,,,,,,,,,,,,,,,,,,,,,,,,,,,,,,,,,,,,,,,,,,,,,,,,,,,,,,,,,,,,,,,,,,,,,,,,,,,,,,,,,,,,,,,,,,,,,,,,,,,,,,,,,,,,,,,,,,,,,,,,,,,,,,,,,,,,,,,,,,,,,,,,,,,,,,,,,,,,,,,,,,,,,,,,,,,,,,,,,,,,135 cm (53.15√¢‚Ç¨¬ù),9|1|0,,,,,,,,,,,,,
Arte Wallpaper Wildflower,arte-wallpaper-wildflower,,999517802,"A combination of colours, soft ribbed velvet and a frivolous design",,publish,,0,10/03/22 15:04,1049,open,UF-29540-P,,,no,no,,823,,1.3,60,8.5,60,,instock,no,no,,no,taxable,,,no,,,,,,,,https://inspiry.co.nz/wp-content/uploads/2022/03/UF-29540-3-3.jpg ! alt : Arte Wallpaper Wildflower  ! title : Arte Wallpaper Wildflower  1 ! desc :  ! caption :  | https://inspiry.co.nz/wp-content/uploads/2022/03/UF-29540-1-1-2.jpg ! alt : Arte Wallpaper Wildflower  ! title : Arte Wallpaper Wildflower  2 ! desc :  ! caption :  | https://inspiry.co.nz/wp-content/uploads/2022/03/UF-29540-2-1-2.jpg ! alt : Arte Wallpaper Wildflower  ! title : Arte Wallpaper Wildflower  3 ! desc :  ! caption :  | https://inspiry.co.nz/wp-content/uploads/2022/03/UF-29540-3-1-2.jpg ! alt : Arte Wallpaper Wildflower  ! title : Arte Wallpaper Wildflower  4 ! desc :  ! caption : ,,https://inspiry.co.nz/products/arte-wallpaper-wildflower/,,,,,,,,,,,,variable,exclude_from_catalog|exclude_from_search,Wallpaper,,Free Shipping,,,,,,yes,,2022-03-12T17:10:17+00:00,,0,,,,,,,,,,,,,,,,,,,,,,,,,,,,,,,,,,,,,,,,,,,,,,,,,,,,,,,,,,,,,,,,,,,,,,,,,,,,Adhesive for non-woven wallcovering like Arte Clearpro or 100% dispersion adhesive,14|1|0,,,,,,,,,,,,,,,,,Due in 5-7 Days.Order Now!,22|1|0,,,,,,,,,,,,,,,,,,,,,,,,,,,,,,,,,,,,,,Arte Wallpaper,1|1|0,,,,,,,,,,,Spongeable during hanging (dab away damp glue),16|1|0,,,,,,,,,,,,,,,,,,,,,,,,,,,,,Lush,2|1|0,,,,,29540|29541,3|1|1,,,,,,,,,,,,,,,,,,,,,,,,,,,,,,,,,,,,,,,,,,,,,,,,,,,,,,,,Due in 5-7 Days.Order Now!,23|1|0,,,,,,,,,,,,,,,,,,,,,,,,,,,,,,,,,,,,,,,,,,,,,,,,,,,,,,,,,,,,,,,,,,,,,,,,,,,,,,,,,,,,,,"B-s1, d0 / Class A",19|1|0,,,,,,,,,,,,,,,,,,,,,,,,,,,,,,,,,,,,,,,,,,,,,,,,,,,,,Paste the wall,17|1|0,,Strippable,18|1|0,,,,,,,,,,,,,,,,,,,,,,,,,,,,,,,,,,,,,,,,,,,,,,,,,,,,,Good lightfastness,15|1|0,,,,,,,,,,,,,,,,,Straight Match,7|1|0,,,,,,,,,,,,,,,,,,,,,,,,,,,,,,,,,,,,,,,,,,,,,,,,,,,,,,,,,,,,,,,,,,,,,,,,,,,,,,,,,,,,,,,,,,,,,,,,,,,,,,,,,,,,,,Typical for velvet are the colour changes between the different panels and when stroking the fabric. This gives the collection Lush beautiful colour dynamics that ensure a luxurious appearance,20|1|0,,Nil,13|1|0,,,,,,,,,,,,,,,,,,,,,,,,,,,,,,,,,,,,,,,,,,,,,,,,,,,,,,,,,,,,,,,,,,,,,,,,,,,,,,,,,,,,,,,,,,,,,,,,,,,,,,,,,,,,,,,,,,,,,,,,,,,,,,,,,,,,,,,,,,,,,,,,,,,,,,,,,,,,,,,,,,,,,,,,,,,,,,,,,,,,,,,,,,,,,,,"124 cm (48.82"")",9|1|0,,,,,,,,,,,,,
Arte Wallpaper Stellar,arte-wallpaper-stellar-3,,999517807,Wallcovering made of real metal foil with an oxidised effect,,publish,,0,10/03/22 15:04,1049,open,UF-37502A-P,,,no,no,,304,,1.3,60,8.5,60,,instock,no,no,,no,taxable,,,no,,,,,,,,https://inspiry.co.nz/wp-content/uploads/2022/03/UF-37502A-5-2.jpg ! alt : Arte Wallpaper Stellar  ! title : Arte Wallpaper Stellar  1 ! desc :  ! caption :  | https://inspiry.co.nz/wp-content/uploads/2022/03/UF-37502A-1-1-2.jpg ! alt : Arte Wallpaper Stellar  ! title : Arte Wallpaper Stellar  2 ! desc :  ! caption :  | https://inspiry.co.nz/wp-content/uploads/2022/03/UF-37502A-2-1-2.jpg ! alt : Arte Wallpaper Stellar  ! title : Arte Wallpaper Stellar  3 ! desc :  ! caption :  | https://inspiry.co.nz/wp-content/uploads/2022/03/UF-37502A-3-1-2.jpg ! alt : Arte Wallpaper Stellar  ! title : Arte Wallpaper Stellar  4 ! desc :  ! caption :  | https://inspiry.co.nz/wp-content/uploads/2022/03/UF-37502A-4-1-2.jpg ! alt : Arte Wallpaper Stellar  ! title : Arte Wallpaper Stellar  5 ! desc :  ! caption : ,,https://inspiry.co.nz/products/arte-wallpaper-stellar-3/,,,,,,,,,,,,variable,exclude_from_catalog|exclude_from_search,Wallpaper,,Free Shipping,,,,,,yes,,2022-03-12T17:10:21+00:00,,0,,,,,,,,,,,,,,,,,,,,,,,,,,,,,,,,,,,,,,,,,,,,,,,,,,,,,,,,,,,,,,,,,,,,,,,,,,,,Adhesive for non-woven wallcovering like Arte Clearpro or 100% dispersion adhesive,14|1|0,,,,,,,,,,,,,,,,,Due in 5-7 Days.Order Now!,22|1|0,,,,,,,,,,,,,,,,,,,,,,,,,,,,,,,,,,,,,,Arte Wallpaper,1|1|0,,,,,,,,,,,Washable,16|1|0,,,,,,,,,,,,,,,,,,,,,,,,,,,,,Lush,2|1|0,,,,,37502A|37503A|37504A|37506A|37508A|37509A|37510A|37512A|37513A|37519A|37522A,3|1|1,,,,,,,,,,,,,,,,,,,,,,,,,,,,,,,,,,,,,,,,,,,,,,,,,,,,,,,,Due in 5-7 Days.Order Now!,23|1|0,,,,,,,,,,,,,,,,,,,,,,,,,,,,,,,,,,,,,,,,,,,,,,,,,,,,,,,,,,,,,,,,,,,,,,,,,,,,,,,,,,,,,,"B-s1, d0 / Class A",19|1|0,,,,,,,,,,,,,,,,,,,,,,,,,,,,,,,,,,,,,,,,,,,,,,,,,,,,,"Moisten the product, Paste the wall",17|1|0,,Strippable,18|1|0,,,,,,,,,,,,,,,,,,,,,,,,,,,,,,,,,,,,,,,,,,,,,,,,,,,,,Good lightfastness,15|1|0,,,,,,,,,,,,,,,,,Free Match,7|1|0,,,,,,,,,,,,,,,,,,,,,,,,,,,,,,,,,,,,,,,,,,,,,,,,,,,,,,,,,,,,,,,,,,,,,,,,,,,,,,,,,,,,,,,,,,,,,,,,,,,,,,,,,,,,,,During production,20|1|0,,Nil,13|1|0,,,,,,,,,,,,,,,,,,,,,,,,,,,,,,,,,,,,,,,,,,,,,,,,,,,,,,,,,,,,,,,,,,,,,,,,,,,,,,,,,,,,,,,,,,,,,,,,,,,,,,,,,,,,,,,,,,,,,,,,,,,,,,,,,,,,,,,,,,,,,,,,,,,,,,,,,,,,,,,,,,,,,,,,,,,,,,,,,,,,,,,,,,,,,,,"91.44 cm (36.00"")",9|1|0,,,,,,,,,,,,,
Arte Wallpaper Mazed,arte-wallpaper-mazed,,999517813,"Timeless wallpaper that interprets geometry in a new, modernistic way",,publish,,0,10/03/22 15:04,1049,open,UF-53000-P,,,no,no,,508,,1.3,60,8.5,60,,instock,no,no,,no,taxable,,,no,,,,,,,,https://inspiry.co.nz/wp-content/uploads/2022/03/UF-53000-2-3.jpg ! alt : Arte Wallpaper Mazed  ! title : Arte Wallpaper Mazed  1 ! desc :  ! caption :  | https://inspiry.co.nz/wp-content/uploads/2022/03/UF-53000-1-1-2.jpg ! alt : Arte Wallpaper Mazed  ! title : Arte Wallpaper Mazed  2 ! desc :  ! caption :  | https://inspiry.co.nz/wp-content/uploads/2022/03/UF-53000-2-1-2.jpg ! alt : Arte Wallpaper Mazed  ! title : Arte Wallpaper Mazed  3 ! desc :  ! caption :  | https://inspiry.co.nz/wp-content/uploads/2022/03/UF-53000-3-1-2.jpg ! alt : Arte Wallpaper Mazed  ! title : Arte Wallpaper Mazed  4 ! desc :  ! caption : ,,https://inspiry.co.nz/products/arte-wallpaper-mazed/,,,,,,,,,,,,variable,exclude_from_catalog|exclude_from_search,Wallpaper,,Free Shipping,,,,,,yes,,2022-03-12T17:10:23+00:00,,0,,,,,,,,,,,,,,,,,,,,,,,,,,,,,,,,,,,,,,,,,,,,,,,,,,,,,,,,,,,,,,,,,,,,,,,,,,,,"Adhesive for non-woven wallcovering like Arte Clearpro, or Metyl Special (200 g in 4 l of water) with the addition of 20% PVA adhesive",14|1|0,,,,,,,,,,,,,,,,,Due in 5-7 Days.Order Now!,22|1|0,,,,,,,,,,,,,,,,,,,,,,,,,,,,,,,,,,,,,,Arte Wallpaper,1|1|0,,,,,,,,,,,Washable,16|1|0,,,,,,,,,,,,,,,,,,,,,,,,,,,,,Modulaire,2|1|0,,,,,53000|53001|53002|53003,3|1|1,,,,,,,,,,,,,,,,,,,,,,,,,,,,,,,,,,,,,,,,,,,,,,,,,,,,,,,,Due in 5-7 Days.Order Now!,23|1|0,,,,,,,,,,,,,,,,,Rolls of 8.50 m x 0.70 m = 6 m√Ç¬≤ / 9.30 yds x 27.56&quot; = 64 sq. ft.,21|1|0,,,,,,,,,,,,,,,,,,,,,,,,,,,,,,,,,,,,,,,,,,,,,,,,,,,,,,,,,,,,,,,,,,,,"B-s1, d0 / Class A",19|1|0,,,,,,,,,,,,,,,,,,,,,,,,,,,,,,,,,,,,,,,,,,,,,,,,,,,,,Paste the wall,17|1|0,,Strippable,18|1|0,,,,,,,,,,,,,,,,,,,,,,,,,,,,,,,,,,,,,,,,,,,,,,,,,,,,,Good lightfastness,15|1|0,,,,,,,,,,,,,,,,,Straight Match,7|1|0,,,,,,,,,,,,,,,,,,,,,,,,,,,,,,,,,,,,,,,,,,,,,,,,,,,,,,,,,,,,,,,,,,,,,,,,,,,,,,,,,,,,,,,,,,,,,,,,,,,,,,,,,,,,,,,,,"32 cm (12.60"")",13|1|0,,,,,,,,,,,,,,,,,,,,,,,,,,,,,,,,,,,,,,,,,,,,,,,,,,,,,,,,,,,,,,,,,,,,,,,,,,,,,,,,,,,,,,,,,,,,,,,,,,,,,,,,,,,,,,,,,,,,,,,,,,,,,,,,,,,,,,,,,,,,,,,,,,,,,,,,,,,,,,,,,,,,,,,,,,,,,,,,,,,,,,,,,,,,,,,,,,,,,,,,,,,,,
Arte Wallpaper Furrow,arte-wallpaper-furrow,,999517818,"Timeless wallpaper that interprets geometry in a new, modernistic way",,publish,,0,10/03/22 15:04,1049,open,UF-53010-P,,,no,no,,501,,1.3,60,8.5,60,,instock,no,no,,no,taxable,,,no,,,,,,,,https://inspiry.co.nz/wp-content/uploads/2022/03/UF-53010-2-3.jpg ! alt : Arte Wallpaper Furrow  ! title : Arte Wallpaper Furrow  1 ! desc :  ! caption :  | https://inspiry.co.nz/wp-content/uploads/2022/03/UF-53010-1-1-2.jpg ! alt : Arte Wallpaper Furrow  ! title : Arte Wallpaper Furrow  2 ! desc :  ! caption :  | https://inspiry.co.nz/wp-content/uploads/2022/03/UF-53010-2-1-2.jpg ! alt : Arte Wallpaper Furrow  ! title : Arte Wallpaper Furrow  3 ! desc :  ! caption :  | https://inspiry.co.nz/wp-content/uploads/2022/03/UF-53010-3-1-2.jpg ! alt : Arte Wallpaper Furrow  ! title : Arte Wallpaper Furrow  4 ! desc :  ! caption : ,,https://inspiry.co.nz/products/arte-wallpaper-furrow/,,,,,,,,,,,,variable,exclude_from_catalog|exclude_from_search,Wallpaper,,Free Shipping,,,,,,yes,,2022-03-12T17:10:25+00:00,,0,,,,,,,,,,,,,,,,,,,,,,,,,,,,,,,,,,,,,,,,,,,,,,,,,,,,,,,,,,,,,,,,,,,,,,,,,,,,"Adhesive for non-woven wallcovering like Arte Clearpro, or Metyl Special (200 g in 4 l of water) with the addition of 20% PVA adhesive",14|1|0,,,,,,,,,,,,,,,,,Due in 5-7 Days.Order Now!,22|1|0,,,,,,,,,,,,,,,,,,,,,,,,,,,,,,,,,,,,,,Arte Wallpaper,1|1|0,,,,,,,,,,,Washable,16|1|0,,,,,,,,,,,,,,,,,,,,,,,,,,,,,Modulaire,2|1|0,,,,,53010|53011|53012|53013,3|1|1,,,,,,,,,,,,,,,,,,,,,,,,,,,,,,,,,,,,,,,,,,,,,,,,,,,,,,,,Due in 5-7 Days.Order Now!,23|1|0,,,,,,,,,,,,,,,,,Rolls of 8.50 m x 0.70 m = 6 m√Ç¬≤ / 9.30 yds x 27.56&quot; = 64 sq. ft.,21|1|0,,,,,,,,,,,,,,,,,,,,,,,,,,,,,,,,,,,,,,,,,,,,,,,,,,,,,,,,,,,,,,,,,,,,"B-s1, d0 / Class A",19|1|0,,,,,,,,,,,,,,,,,,,,,,,,,,,,,,,,,,,,,,,,,,,,,,,,,,,,,Paste the wall,17|1|0,,Strippable,18|1|0,,,,,,,,,,,,,,,,,,,,,,,,,,,,,,,,,,,,,,,,,,,,,,,,,,,,,Good lightfastness,15|1|0,,,,,,,,,,,,,,,,,Drop Match,7|1|0,,,,,,,,,,,,,,,,,,,,,,,,,,,,,,,,,,,,,,,,,,,,,,,,,,,,,,,,,,,,,,,,,,,,,,,,,,,,,,,,,,,,,,,,,,,,,,,,,,,,,,,,,,,,,,,,,"64/32 cm (25.20""/12.60"")",13|1|0,,,,,,,,,,,,,,,,,,,,,,,,,,,,,,,,,,,,,,,,,,,,,,,,,,,,,,,,,,,,,,,,,,,,,,,,,,,,,,,,,,,,,,,,,,,,,,,,,,,,,,,,,,,,,,,,,,,,,,,,,,,,,,,,,,,,,,,,,,,,,,,,,,,,,,,,,,,,,,,,,,,,,,,,,,,,,,,,,,,,,,,,,,,,,,,,,,,,,,,,,,,,,
Arte Wallpaper Wind,arte-wallpaper-wind,,999517823,"Timeless wallpaper that interprets geometry in a new, modernistic way",,publish,,0,10/03/22 15:04,1049,open,UF-53020-P,,,no,no,,508,,1.3,60,8.5,60,,instock,no,no,,no,taxable,,,no,,,,,,,,https://inspiry.co.nz/wp-content/uploads/2022/03/UF-53020-3-3.jpg ! alt : Arte Wallpaper Wind  ! title : Arte Wallpaper Wind  1 ! desc :  ! caption :  | https://inspiry.co.nz/wp-content/uploads/2022/03/UF-53020-1-1-2.jpg ! alt : Arte Wallpaper Wind  ! title : Arte Wallpaper Wind  2 ! desc :  ! caption :  | https://inspiry.co.nz/wp-content/uploads/2022/03/UF-53020-2-1-2.jpg ! alt : Arte Wallpaper Wind  ! title : Arte Wallpaper Wind  3 ! desc :  ! caption :  | https://inspiry.co.nz/wp-content/uploads/2022/03/UF-53020-3-1-2.jpg ! alt : Arte Wallpaper Wind  ! title : Arte Wallpaper Wind  4 ! desc :  ! caption : ,,https://inspiry.co.nz/products/arte-wallpaper-wind/,,,,,,,,,,,,variable,exclude_from_catalog|exclude_from_search,Wallpaper,,Free Shipping,,,,,,yes,,2022-03-12T17:10:27+00:00,,0,,,,,,,,,,,,,,,,,,,,,,,,,,,,,,,,,,,,,,,,,,,,,,,,,,,,,,,,,,,,,,,,,,,,,,,,,,,,"Adhesive for non-woven wallcovering like Arte Clearpro, or Metyl Special (200 g in 4 l of water) with the addition of 20% PVA adhesive",14|1|0,,,,,,,,,,,,,,,,,Due in 5-7 Days.Order Now!,22|1|0,,,,,,,,,,,,,,,,,,,,,,,,,,,,,,,,,,,,,,Arte Wallpaper,1|1|0,,,,,,,,,,,Washable,16|1|0,,,,,,,,,,,,,,,,,,,,,,,,,,,,,Modulaire,2|1|0,,,,,53020|53021|53022|53023,3|1|1,,,,,,,,,,,,,,,,,,,,,,,,,,,,,,,,,,,,,,,,,,,,,,,,,,,,,,,,Due in 5-7 Days.Order Now!,23|1|0,,,,,,,,,,,,,,,,,Rolls of 8.50 m x 0.70 m = 6 m√Ç¬≤ / 9.30 yds x 27.56&quot; = 64 sq. ft.,21|1|0,,,,,,,,,,,,,,,,,,,,,,,,,,,,,,,,,,,,,,,,,,,,,,,,,,,,,,,,,,,,,,,,,,,,"B-s1, d0 / Class A",19|1|0,,,,,,,,,,,,,,,,,,,,,,,,,,,,,,,,,,,,,,,,,,,,,,,,,,,,,Paste the wall,17|1|0,,Strippable,18|1|0,,,,,,,,,,,,,,,,,,,,,,,,,,,,,,,,,,,,,,,,,,,,,,,,,,,,,Good lightfastness,15|1|0,,,,,,,,,,,,,,,,,Drop Match,7|1|0,,,,,,,,,,,,,,,,,,,,,,,,,,,,,,,,,,,,,,,,,,,,,,,,,,,,,,,,,,,,,,,,,,,,,,,,,,,,,,,,,,,,,,,,,,,,,,,,,,,,,,,,,,,,,,,,,"64/32 cm (25.20""/12.60"")",13|1|0,,,,,,,,,,,,,,,,,,,,,,,,,,,,,,,,,,,,,,,,,,,,,,,,,,,,,,,,,,,,,,,,,,,,,,,,,,,,,,,,,,,,,,,,,,,,,,,,,,,,,,,,,,,,,,,,,,,,,,,,,,,,,,,,,,,,,,,,,,,,,,,,,,,,,,,,,,,,,,,,,,,,,,,,,,,,,,,,,,,,,,,,,,,,,,,,,,,,,,,,,,,,,
Arte Wallpaper Module,arte-wallpaper-module,,999517828,"Timeless wallpaper that interprets geometry in a new, modernistic way",,publish,,0,10/03/22 15:04,1049,open,UF-53030-P,,,no,no,,501,,1.3,60,8.5,60,,instock,no,no,,no,taxable,,,no,,,,,,,,https://inspiry.co.nz/wp-content/uploads/2022/03/UF-53030-3-3.jpg ! alt : Arte Wallpaper Module  ! title : Arte Wallpaper Module  1 ! desc :  ! caption :  | https://inspiry.co.nz/wp-content/uploads/2022/03/UF-53030-1-1-2.jpg ! alt : Arte Wallpaper Module  ! title : Arte Wallpaper Module  2 ! desc :  ! caption :  | https://inspiry.co.nz/wp-content/uploads/2022/03/UF-53030-2-1-2.jpg ! alt : Arte Wallpaper Module  ! title : Arte Wallpaper Module  3 ! desc :  ! caption :  | https://inspiry.co.nz/wp-content/uploads/2022/03/UF-53030-3-1-2.jpg ! alt : Arte Wallpaper Module  ! title : Arte Wallpaper Module  4 ! desc :  ! caption : ,,https://inspiry.co.nz/products/arte-wallpaper-module/,,,,,,,,,,,,variable,exclude_from_catalog|exclude_from_search,Wallpaper,,Free Shipping,,,,,,yes,,2022-03-12T17:10:29+00:00,,0,,,,,,,,,,,,,,,,,,,,,,,,,,,,,,,,,,,,,,,,,,,,,,,,,,,,,,,,,,,,,,,,,,,,,,,,,,,,"Adhesive for non-woven wallcovering like Arte Clearpro, or Metyl Special (200 g in 4 l of water) with the addition of 20% PVA adhesive",14|1|0,,,,,,,,,,,,,,,,,Due in 5-7 Days.Order Now!,22|1|0,,,,,,,,,,,,,,,,,,,,,,,,,,,,,,,,,,,,,,Arte Wallpaper,1|1|0,,,,,,,,,,,Washable,16|1|0,,,,,,,,,,,,,,,,,,,,,,,,,,,,,Modulaire,2|1|0,,,,,53030|53031|53032|53033,3|1|1,,,,,,,,,,,,,,,,,,,,,,,,,,,,,,,,,,,,,,,,,,,,,,,,,,,,,,,,Due in 5-7 Days.Order Now!,23|1|0,,,,,,,,,,,,,,,,,Rolls of 8.50 m x 0.70 m = 6 m√Ç¬≤ / 9.30 yds x 27.56&quot; = 64 sq. ft.,21|1|0,,,,,,,,,,,,,,,,,,,,,,,,,,,,,,,,,,,,,,,,,,,,,,,,,,,,,,,,,,,,,,,,,,,,"B-s1, d0 / Class A",19|1|0,,,,,,,,,,,,,,,,,,,,,,,,,,,,,,,,,,,,,,,,,,,,,,,,,,,,,Paste the wall,17|1|0,,Strippable,18|1|0,,,,,,,,,,,,,,,,,,,,,,,,,,,,,,,,,,,,,,,,,,,,,,,,,,,,,Good lightfastness,15|1|0,,,,,,,,,,,,,,,,,Drop Match,7|1|0,,,,,,,,,,,,,,,,,,,,,,,,,,,,,,,,,,,,,,,,,,,,,,,,,,,,,,,,,,,,,,,,,,,,,,,,,,,,,,,,,,,,,,,,,,,,,,,,,,,,,,,,,,,,,,,,,"64/42.66 cm (25.20""/16.80"")",13|1|0,,,,,,,,,,,,,,,,,,,,,,,,,,,,,,,,,,,,,,,,,,,,,,,,,,,,,,,,,,,,,,,,,,,,,,,,,,,,,,,,,,,,,,,,,,,,,,,,,,,,,,,,,,,,,,,,,,,,,,,,,,,,,,,,,,,,,,,,,,,,,,,,,,,,,,,,,,,,,,,,,,,,,,,,,,,,,,,,,,,,,,,,,,,,,,,,,,,,,,,,,,,,,
Arte Wallpaper Sweep,arte-wallpaper-sweep,,999517833,"Timeless wallpaper that interprets geometry in a new, modernistic way",,publish,,0,10/03/22 15:04,1049,open,UF-53040-P,,,no,no,,501,,1.3,60,8.5,60,,instock,no,no,,no,taxable,,,no,,,,,,,,https://inspiry.co.nz/wp-content/uploads/2022/03/UF-53040-3-3.jpg ! alt : Arte Wallpaper Sweep  ! title : Arte Wallpaper Sweep  1 ! desc :  ! caption :  | https://inspiry.co.nz/wp-content/uploads/2022/03/UF-53040-1-1-2.jpg ! alt : Arte Wallpaper Sweep  ! title : Arte Wallpaper Sweep  2 ! desc :  ! caption :  | https://inspiry.co.nz/wp-content/uploads/2022/03/UF-53040-2-1-2.jpg ! alt : Arte Wallpaper Sweep  ! title : Arte Wallpaper Sweep  3 ! desc :  ! caption :  | https://inspiry.co.nz/wp-content/uploads/2022/03/UF-53040-3-1-2.jpg ! alt : Arte Wallpaper Sweep  ! title : Arte Wallpaper Sweep  4 ! desc :  ! caption : ,,https://inspiry.co.nz/products/arte-wallpaper-sweep/,,,,,,,,,,,,variable,exclude_from_catalog|exclude_from_search,Wallpaper,,Free Shipping,,,,,,yes,,2022-03-12T17:10:31+00:00,,0,,,,,,,,,,,,,,,,,,,,,,,,,,,,,,,,,,,,,,,,,,,,,,,,,,,,,,,,,,,,,,,,,,,,,,,,,,,,"Adhesive for non-woven wallcovering like Arte Clearpro, or Metyl Special (200 g in 4 l of water) with the addition of 20% PVA adhesive",14|1|0,,,,,,,,,,,,,,,,,Due in 5-7 Days.Order Now!,22|1|0,,,,,,,,,,,,,,,,,,,,,,,,,,,,,,,,,,,,,,Arte Wallpaper,1|1|0,,,,,,,,,,,Washable,16|1|0,,,,,,,,,,,,,,,,,,,,,,,,,,,,,Modulaire,2|1|0,,,,,53040|53041|53042|53043,3|1|1,,,,,,,,,,,,,,,,,,,,,,,,,,,,,,,,,,,,,,,,,,,,,,,,,,,,,,,,Due in 5-7 Days.Order Now!,23|1|0,,,,,,,,,,,,,,,,,Rolls of 8.50 m x 0.70 m = 6 m√Ç¬≤ / 9.30 yds x 27.56&quot; = 64 sq. ft.,21|1|0,,,,,,,,,,,,,,,,,,,,,,,,,,,,,,,,,,,,,,,,,,,,,,,,,,,,,,,,,,,,,,,,,,,,"B-s1, d0 / Class A",19|1|0,,,,,,,,,,,,,,,,,,,,,,,,,,,,,,,,,,,,,,,,,,,,,,,,,,,,,Paste the wall,17|1|0,,Strippable,18|1|0,,,,,,,,,,,,,,,,,,,,,,,,,,,,,,,,,,,,,,,,,,,,,,,,,,,,,Good lightfastness,15|1|0,,,,,,,,,,,,,,,,,Drop Match,7|1|0,,,,,,,,,,,,,,,,,,,,,,,,,,,,,,,,,,,,,,,,,,,,,,,,,,,,,,,,,,,,,,,,,,,,,,,,,,,,,,,,,,,,,,,,,,,,,,,,,,,,,,,,,,,,,,,,,"64/42.66 cm (25.20""/16.80"")",13|1|0,,,,,,,,,,,,,,,,,,,,,,,,,,,,,,,,,,,,,,,,,,,,,,,,,,,,,,,,,,,,,,,,,,,,,,,,,,,,,,,,,,,,,,,,,,,,,,,,,,,,,,,,,,,,,,,,,,,,,,,,,,,,,,,,,,,,,,,,,,,,,,,,,,,,,,,,,,,,,,,,,,,,,,,,,,,,,,,,,,,,,,,,,,,,,,,,,,,,,,,,,,,,,
Arte Wallpaper Flourish,arte-wallpaper-flourish,,999517838,"Timeless wallpaper that interprets geometry in a new, modernistic way",,publish,,0,10/03/22 15:04,1049,open,UF-53050-P,,,no,no,,508,,1.3,60,8.5,60,,instock,no,no,,no,taxable,,,no,,,,,,,,https://inspiry.co.nz/wp-content/uploads/2022/03/UF-53050-6.jpg ! alt : Arte Wallpaper Flourish  ! title : Arte Wallpaper Flourish  1 ! desc :  ! caption :  | https://inspiry.co.nz/wp-content/uploads/2022/03/UF-53050-1-2.jpg ! alt : Arte Wallpaper Flourish  ! title : Arte Wallpaper Flourish  2 ! desc :  ! caption :  | https://inspiry.co.nz/wp-content/uploads/2022/03/UF-53050-2-2.jpg ! alt : Arte Wallpaper Flourish  ! title : Arte Wallpaper Flourish  3 ! desc :  ! caption :  | https://inspiry.co.nz/wp-content/uploads/2022/03/UF-53050-3-2.jpg ! alt : Arte Wallpaper Flourish  ! title : Arte Wallpaper Flourish  4 ! desc :  ! caption :  | https://inspiry.co.nz/wp-content/uploads/2022/03/UF-53050-4-2.jpg ! alt : Arte Wallpaper Flourish  ! title : Arte Wallpaper Flourish  5 ! desc :  ! caption : ,,https://inspiry.co.nz/products/arte-wallpaper-flourish/,,,,,,,,,,,,variable,exclude_from_catalog|exclude_from_search,Wallpaper,,Free Shipping,,,,,,yes,,2022-03-12T17:10:33+00:00,,0,,,,,,,,,,,,,,,,,,,,,,,,,,,,,,,,,,,,,,,,,,,,,,,,,,,,,,,,,,,,,,,,,,,,,,,,,,,,"Adhesive for non-woven wallcovering like Arte Clearpro, or Metyl Special (200 g in 4 l of water) with the addition of 20% PVA adhesive",14|1|0,,,,,,,,,,,,,,,,,Due in 5-7 Days.Order Now!,22|1|0,,,,,,,,,,,,,,,,,,,,,,,,,,,,,,,,,,,,,,Arte Wallpaper,1|1|0,,,,,,,,,,,Washable,16|1|0,,,,,,,,,,,,,,,,,,,,,,,,,,,,,Modulaire,2|1|0,,,,,53050|53051|53052|53053,3|1|1,,,,,,,,,,,,,,,,,,,,,,,,,,,,,,,,,,,,,,,,,,,,,,,,,,,,,,,,Due in 5-7 Days.Order Now!,23|1|0,,,,,,,,,,,,,,,,,Rolls of 8.50 m x 0.70 m = 6 m√Ç¬≤ / 9.30 yds x 27.56&quot; = 64 sq. ft.,21|1|0,,,,,,,,,,,,,,,,,,,,,,,,,,,,,,,,,,,,,,,,,,,,,,,,,,,,,,,,,,,,,,,,,,,,"B-s1, d0 / Class A",19|1|0,,,,,,,,,,,,,,,,,,,,,,,,,,,,,,,,,,,,,,,,,,,,,,,,,,,,,Paste the wall,17|1|0,,Strippable,18|1|0,,,,,,,,,,,,,,,,,,,,,,,,,,,,,,,,,,,,,,,,,,,,,,,,,,,,,Good lightfastness,15|1|0,,,,,,,,,,,,,,,,,Straight Match,7|1|0,,,,,,,,,,,,,,,,,,,,,,,,,,,,,,,,,,,,,,,,,,,,,,,,,,,,,,,,,,,,,,,,,,,,,,,,,,,,,,,,,,,,,,,,,,,,,,,,,,,,,,,,,,,,,,,,,"64 cm (25.20"")",13|1|0,,,,,,,,,,,,,,,,,,,,,,,,,,,,,,,,,,,,,,,,,,,,,,,,,,,,,,,,,,,,,,,,,,,,,,,,,,,,,,,,,,,,,,,,,,,,,,,,,,,,,,,,,,,,,,,,,,,,,,,,,,,,,,,,,,,,,,,,,,,,,,,,,,,,,,,,,,,,,,,,,,,,,,,,,,,,,,,,,,,,,,,,,,,,,,,,,,,,,,,,,,,,,
Arte Wallpaper Abanico,arte-wallpaper-abanico,,999517844,A fan shape of pandan leaves that provides a 'collage look',,publish,,0,10/03/22 15:04,1049,open,UF-34000-P,,,no,no,,550,,1.3,60,8.5,60,,instock,no,no,,no,taxable,,,no,,,,,,,,https://inspiry.co.nz/wp-content/uploads/2022/03/UF-34000-7.jpg ! alt : Arte Wallpaper Abanico  ! title : Arte Wallpaper Abanico  1 ! desc :  ! caption :  | https://inspiry.co.nz/wp-content/uploads/2022/03/UF-34000-1-2.jpg ! alt : Arte Wallpaper Abanico  ! title : Arte Wallpaper Abanico  2 ! desc :  ! caption :  | https://inspiry.co.nz/wp-content/uploads/2022/03/UF-34000-2-2.jpg ! alt : Arte Wallpaper Abanico  ! title : Arte Wallpaper Abanico  3 ! desc :  ! caption :  | https://inspiry.co.nz/wp-content/uploads/2022/03/UF-34000-3-2.jpg ! alt : Arte Wallpaper Abanico  ! title : Arte Wallpaper Abanico  4 ! desc :  ! caption :  | https://inspiry.co.nz/wp-content/uploads/2022/03/UF-34000-4-2.jpg ! alt : Arte Wallpaper Abanico  ! title : Arte Wallpaper Abanico  5 ! desc :  ! caption :  | https://inspiry.co.nz/wp-content/uploads/2022/03/UF-34000-5-2.jpg ! alt : Arte Wallpaper Abanico  ! title : Arte Wallpaper Abanico  6 ! desc :  ! caption : ,,https://inspiry.co.nz/products/arte-wallpaper-abanico/,,,,,,,,,,,,variable,exclude_from_catalog|exclude_from_search,Wallpaper,,Free Shipping,,,,,,yes,,2022-03-12T17:10:35+00:00,,0,,,,,,,,,,,,,,,,,,,,,,,,,,,,,,,,,,,,,,,,,,,,,,,,,,,,,,,,,,,,,,,,,,,,,,,,,,,,Metyl Special (200 g in 4 l of water) with the addition of 20% PVA adhesive,14|1|0,,,,,,,,,,,,,,,,,Due in 5-7 Days.Order Now!,22|1|0,,,,,,,,,,,,,,,,,,,,,,,,,,,,,,,,,,,,,,Arte Wallpaper,1|1|0,,,,,,,,,,,Extra-washable,16|1|0,,,,,,,,,,,,,,,,,,,,,,,,,,,,,Selva,2|1|0,,,,,34000|34001|34002|34003,3|1|1,,,,,,,,,,,,,,,,,,,,,,,,,,,,,,,,,,,,,,,,,,,,,,,,,,,,,,,,Due in 5-7 Days.Order Now!,23|1|0,,,,,,,,,,,,,,,,,Rolls of 10.05 m x 0.70 m = 7 m√Ç¬≤ / 11 yds x 27.56&quot; = 75 sq. ft.,21|1|0,,,,,,,,,,,,,,,,,,,,,,,,,,,,,,,,,,,,,,,,,,,,,,,,,,,,,,,,,,,,,,,,,,,,"B-s2, d0 / Class A",19|1|0,,,,,,,,,,,,,,,,,,,,,,,,,,,,,,,,,,,,,,,,,,,,,,,,,,,,,Paste the wallcovering,17|1|0,,Peelable,18|1|0,,,,,,,,,,,,,,,,,,,,,,,,,,,,,,,,,,,,,,,,,,,,,,,,,,,,,Good lightfastness,15|1|0,,,,,,,,,,,,,,,,,Drop Match,7|1|0,,,,,,,,,,,,,,,,,,,,,,,,,,,,,,,,,,,,,,,,,,,,,,,,,,,,,,,,,,,,,,,,,,,,,,,,,,,,,,,,,,,,,,,,,,,,,,,,,,,,,,,,,,,,,,,,,"80/40 cm (31.50""/15.75"")",13|1|0,,,,,,,,,,,,,,,,,,,,,,,,,,,,,,,,,,,,,,,,,,,,,,,,,,,,,,,,,,,,,,,,,,,,,,,,,,,,,,,,,,,,,,,,,,,,,,,,,,,,,,,,,,,,,,,,,,,,,,,,,,,,,,,,,,,,,,,,,,,,,,,,,,,,,,,,,,,,,,,,,,,,,,,,,,,,,,,,,,,,,,,,,,,,,,,,,,,,,,,,,,,,,
Arte Wallpaper Corteza,arte-wallpaper-corteza,,999517851,"A subtle herringbone pattern, inspired by the bark of banana trees",,publish,,0,10/03/22 15:04,1049,open,UF-34200-P,,,no,no,,529,,1.3,60,8.5,60,,instock,no,no,,no,taxable,,,no,,,,,,,,https://inspiry.co.nz/wp-content/uploads/2022/03/UF-34200-7.jpg ! alt : Arte Wallpaper Corteza  ! title : Arte Wallpaper Corteza  1 ! desc :  ! caption :  | https://inspiry.co.nz/wp-content/uploads/2022/03/UF-34200-1-2.jpg ! alt : Arte Wallpaper Corteza  ! title : Arte Wallpaper Corteza  2 ! desc :  ! caption :  | https://inspiry.co.nz/wp-content/uploads/2022/03/UF-34200-2-2.jpg ! alt : Arte Wallpaper Corteza  ! title : Arte Wallpaper Corteza  3 ! desc :  ! caption :  | https://inspiry.co.nz/wp-content/uploads/2022/03/UF-34200-3-2.jpg ! alt : Arte Wallpaper Corteza  ! title : Arte Wallpaper Corteza  4 ! desc :  ! caption :  | https://inspiry.co.nz/wp-content/uploads/2022/03/UF-34200-4-2.jpg ! alt : Arte Wallpaper Corteza  ! title : Arte Wallpaper Corteza  5 ! desc :  ! caption :  | https://inspiry.co.nz/wp-content/uploads/2022/03/UF-34200-5-2.jpg ! alt : Arte Wallpaper Corteza  ! title : Arte Wallpaper Corteza  6 ! desc :  ! caption : ,,https://inspiry.co.nz/products/arte-wallpaper-corteza/,,,,,,,,,,,,variable,exclude_from_catalog|exclude_from_search,Best Sellers|Wallpaper,,Free Shipping,,,,,,yes,,2022-03-12T17:10:38+00:00,,0,,,,,,,,,,,,,,,,,,,,,,,,,,,,,,,,,,,,,,,,,,,,,,,,,,,,,,,,,,,,,,,,,,,,,,,,,,,,Metyl Special (200 g in 4 l of water) with the addition of 20% PVA adhesive,14|1|0,,,,,,,,,,,,,,,,,Due in 5-7 Days.Order Now!,22|1|0,,,,,,,,,,,,,,,,,,,,,,,,,,,,,,,,,,,,,,Arte Wallpaper,1|1|0,,,,,,,,,,,Extra-washable,16|1|0,,,,,,,,,,,,,,,,,,,,,,,,,,,,,Selva,2|1|0,,,,,34200|34201|34202|34203,3|1|1,,,,,,,,,,,,,,,,,,,,,,,,,,,,,,,,,,,,,,,,,,,,,,,,,,,,,,,,Due in 5-7 Days.Order Now!,23|1|0,,,,,,,,,,,,,,,,,Rolls of 10.05 m x 0.70 m = 7 m√Ç¬≤ / 11 yds x 27.56&quot; = 75 sq. ft.,21|1|0,,,,,,,,,,,,,,,,,,,,,,,,,,,,,,,,,,,,,,,,,,,,,,,,,,,,,,,,,,,,,,,,,,,,"B-s2, d0 / Class A",19|1|0,,,,,,,,,,,,,,,,,,,,,,,,,,,,,,,,,,,,,,,,,,,,,,,,,,,,,Paste the wallcovering,17|1|0,,Peelable,18|1|0,,,,,,,,,,,,,,,,,,,,,,,,,,,,,,,,,,,,,,,,,,,,,,,,,,,,,Good lightfastness,15|1|0,,,,,,,,,,,,,,,,,Free Match,7|1|0,,,,,,,,,,,,,,,,,,,,,,,,,,,,,,,,,,,,,,,,,,,,,,,,,,,,,,,,,,,,,,,,,,,,,,,,,,,,,,,,,,,,,,,,,,,,,,,,,,,,,,,,,,,,,,,,,Nil,13|1|0,,,,,,,,,,,,,,,,,,,,,,,,,,,,,,,,,,,,,,,,,,,,,,,,,,,,,,,,,,,,,,,,,,,,,,,,,,,,,,,,,,,,,,,,,,,,,,,,,,,,,,,,,,,,,,,,,,,,,,,,,,,,,,,,,,,,,,,,,,,,,,,,,,,,,,,,,,,,,,,,,,,,,,,,,,,,,,,,,,,,,,,,,,,,,,,,,,,,,,,,,,,,,
Arte Wallpaper Capas,arte-wallpaper-capas,,999517858,"A semi plain inspired by overlapping banana leaves with a soft, pronounced relief",,publish,,0,10/03/22 15:04,1049,open,UF-34300-P,,,no,no,,529,,1.3,60,8.5,60,,instock,no,no,,no,taxable,,,no,,,,,,,,https://inspiry.co.nz/wp-content/uploads/2022/03/UF-34300-7.jpg ! alt : Arte Wallpaper Capas  ! title : Arte Wallpaper Capas  1 ! desc :  ! caption :  | https://inspiry.co.nz/wp-content/uploads/2022/03/UF-34300-1-2.jpg ! alt : Arte Wallpaper Capas  ! title : Arte Wallpaper Capas  2 ! desc :  ! caption :  | https://inspiry.co.nz/wp-content/uploads/2022/03/UF-34300-2-2.jpg ! alt : Arte Wallpaper Capas  ! title : Arte Wallpaper Capas  3 ! desc :  ! caption :  | https://inspiry.co.nz/wp-content/uploads/2022/03/UF-34300-3-2.jpg ! alt : Arte Wallpaper Capas  ! title : Arte Wallpaper Capas  4 ! desc :  ! caption :  | https://inspiry.co.nz/wp-content/uploads/2022/03/UF-34300-4-2.jpg ! alt : Arte Wallpaper Capas  ! title : Arte Wallpaper Capas  5 ! desc :  ! caption :  | https://inspiry.co.nz/wp-content/uploads/2022/03/UF-34300-5-2.jpg ! alt : Arte Wallpaper Capas  ! title : Arte Wallpaper Capas  6 ! desc :  ! caption : ,,https://inspiry.co.nz/products/arte-wallpaper-capas/,,,,,,,,,,,,variable,exclude_from_catalog|exclude_from_search,Wallpaper,,Free Shipping,,,,,,yes,,2022-03-10T06:04:34+00:00,,0,,,,,,,,,,,,,,,,,,,,,,,,,,,,,,,,,,,,,,,,,,,,,,,,,,,,,,,,,,,,,,,,,,,,,,,,,,,,Metyl Special (200 g in 4 l of water) with the addition of 20% PVA adhesive,14|1|0,,,,,,,,,,,,,,,,,Due in 5-7 Days.Order Now!,22|1|0,,,,,,,,,,,,,,,,,,,,,,,,,,,,,,,,,,,,,,Arte Wallpaper,1|1|0,,,,,,,,,,,Extra-washable,16|1|0,,,,,,,,,,,,,,,,,,,,,,,,,,,,,Selva,2|1|0,,,,,34300|34301|34302|34303|34304|34305|34306|34307,3|1|1,,,,,,,,,,,,,,,,,,,,,,,,,,,,,,,,,,,,,,,,,,,,,,,,,,,,,,,,Due in 5-7 Days.Order Now!,23|1|0,,,,,,,,,,,,,,,,,Rolls of 10.05 m x 0.70 m = 7 m√Ç¬≤ / 11 yds x 27.56&quot; = 75 sq. ft.,21|1|0,,,,,,,,,,,,,,,,,,,,,,,,,,,,,,,,,,,,,,,,,,,,,,,,,,,,,,,,,,,,,,,,,,,,"B-s2, d0 / Class A",19|1|0,,,,,,,,,,,,,,,,,,,,,,,,,,,,,,,,,,,,,,,,,,,,,,,,,,,,,Paste the wallcovering,17|1|0,,Peelable,18|1|0,,,,,,,,,,,,,,,,,,,,,,,,,,,,,,,,,,,,,,,,,,,,,,,,,,,,,Good lightfastness,15|1|0,,,,,,,,,,,,,,,,,Straight Match,7|1|0,,,,,,,,,,,,,,,,,,,,,,,,,,,,,,,,,,,,,,,,,,,,,,,,,,,,,,,,,,,,,,,,,,,,,,,,,,,,,,,,,,,,,,,,,,,,,,,,,,,,,,,,,,,,,,,,,"70 cm (27.56"")",13|1|0,,,,,,,,,,,,,,,,,,,,,,,,,,,,,,,,,,,,,,,,,,,,,,,,,,,,,,,,,,,,,,,,,,,,,,,,,,,,,,,,,,,,,,,,,,,,,,,,,,,,,,,,,,,,,,,,,,,,,,,,,,,,,,,,,,,,,,,,,,,,,,,,,,,,,,,,,,,,,,,,,,,,,,,,,,,,,,,,,,,,,,,,,,,,,,,,,,,,,,,,,,,,,
Arte Wallpaper Musa,arte-wallpaper-musa,,999517865,A print of banana plant leaves that depicts the tropics,,publish,,0,10/03/22 15:04,1049,open,UF-75000A-P,,,no,no,,529,,1.3,60,8.5,60,,instock,no,no,,no,taxable,,,no,,,,,,,,https://inspiry.co.nz/wp-content/uploads/2022/03/UF-75000A-5.jpg ! alt : Arte Wallpaper Musa  ! title : Arte Wallpaper Musa  1 ! desc :  ! caption :  | https://inspiry.co.nz/wp-content/uploads/2022/03/UF-75000A-1-2.jpg ! alt : Arte Wallpaper Musa  ! title : Arte Wallpaper Musa  2 ! desc :  ! caption :  | https://inspiry.co.nz/wp-content/uploads/2022/03/UF-75000A-2-2.jpg ! alt : Arte Wallpaper Musa  ! title : Arte Wallpaper Musa  3 ! desc :  ! caption :  | https://inspiry.co.nz/wp-content/uploads/2022/03/UF-75000A-3-2.jpg ! alt : Arte Wallpaper Musa  ! title : Arte Wallpaper Musa  4 ! desc :  ! caption : ,,https://inspiry.co.nz/products/arte-wallpaper-musa/,,,,,,,,,,,,variable,exclude_from_catalog|exclude_from_search,Wallpaper,,Free Shipping,,,,,,yes,,2022-03-10T06:04:31+00:00,,0,,,,,,,,,,,,,,,,,,,,,,,,,,,,,,,,,,,,,,,,,,,,,,,,,,,,,,,,,,,,,,,,,,,,,,,,,,,,Metyl Special (200 g in 4 l of water) with the addition of 20% PVA adhesive,14|1|0,,,,,,,,,,,,,,,,,Due in 5-7 Days.Order Now!,22|1|0,,,,,,,,,,,,,,,,,,,,,,,,,,,,,,,,,,,,,,Arte Wallpaper,1|1|0,,,,,,,,,,,Extra-washable,16|1|0,,,,,,,,,,,,,,,,,,,,,,,,,,,,,Selva,2|1|0,,,,,75000|75001|75002|75003|75004|75005,3|1|1,,,,,,,,,,,,,,,,,,,,,,,,,,,,,,,,,,,,,,,,,,,,,,,,,,,,,,,,Due in 5-7 Days.Order Now!,23|1|0,,,,,,,,,,,,,,,,,Rolls of 10.05 m x 0.70 m = 7 m√Ç¬≤ / 11 yds x 27.56&quot; = 75 sq. ft.,21|1|0,,,,,,,,,,,,,,,,,,,,,,,,,,,,,,,,,,,,,,,,,,,,,,,,,,,,,,,,,,,,,,,,,,,,"B-s2, d0 / Class A",19|1|0,,,,,,,,,,,,,,,,,,,,,,,,,,,,,,,,,,,,,,,,,,,,,,,,,,,,,Paste the wallcovering,17|1|0,,Peelable,18|1|0,,,,,,,,,,,,,,,,,,,,,,,,,,,,,,,,,,,,,,,,,,,,,,,,,,,,,Good lightfastness,15|1|0,,,,,,,,,,,,,,,,,Straight Match,7|1|0,,,,,,,,,,,,,,,,,,,,,,,,,,,,,,,,,,,,,,,,,,,,,,,,,,,,,,,,,,,,,,,,,,,,,,,,,,,,,,,,,,,,,,,,,,,,,,,,,,,,,,,,,,,,,,,,,"64 cm (25.20"")",13|1|0,,,,,,,,,,,,,,,,,,,,,,,,,,,,,,,,,,,,,,,,,,,,,,,,,,,,,,,,,,,,,,,,,,,,,,,,,,,,,,,,,,,,,,,,,,,,,,,,,,,,,,,,,,,,,,,,,,,,,,,,,,,,,,,,,,,,,,,,,,,,,,,,,,,,,,,,,,,,,,,,,,,,,,,,,,,,,,,,,,,,,,,,,,,,,,,,,,,,,,,,,,,,,
Arte Wallpaper Itaya,arte-wallpaper-itaya,,999517870,A tropical print inspired by the Itaya palm tree from the Amazon,,publish,,0,10/03/22 15:04,1049,open,UF-75400A-P,,,no,no,,557,,1.3,60,8.5,60,,instock,no,no,,no,taxable,,,no,,,,,,,,https://inspiry.co.nz/wp-content/uploads/2022/03/UF-75400A-4.jpg ! alt : Arte Wallpaper Itaya  ! title : Arte Wallpaper Itaya  1 ! desc :  ! caption :  | https://inspiry.co.nz/wp-content/uploads/2022/03/UF-75400A-1-2.jpg ! alt : Arte Wallpaper Itaya  ! title : Arte Wallpaper Itaya  2 ! desc :  ! caption :  | https://inspiry.co.nz/wp-content/uploads/2022/03/UF-75400A-2-2.jpg ! alt : Arte Wallpaper Itaya  ! title : Arte Wallpaper Itaya  3 ! desc :  ! caption : ,,https://inspiry.co.nz/products/arte-wallpaper-itaya/,,,,,,,,,,,,variable,exclude_from_catalog|exclude_from_search,Wallpaper,,Free Shipping,,,,,,yes,,2022-03-10T06:04:28+00:00,,0,,,,,,,,,,,,,,,,,,,,,,,,,,,,,,,,,,,,,,,,,,,,,,,,,,,,,,,,,,,,,,,,,,,,,,,,,,,,Metyl Special (200 g in 4 l of water) with the addition of 20% PVA adhesive,14|1|0,,,,,,,,,,,,,,,,,Due in 5-7 Days.Order Now!,22|1|0,,,,,,,,,,,,,,,,,,,,,,,,,,,,,,,,,,,,,,Arte Wallpaper,1|1|0,,,,,,,,,,,Extra-washable,16|1|0,,,,,,,,,,,,,,,,,,,,,,,,,,,,,Selva,2|1|0,,,,,75400|75401|75403|75404|75407,3|1|1,,,,,,,,,,,,,,,,,,,,,,,,,,,,,,,,,,,,,,,,,,,,,,,,,,,,,,,,Due in 5-7 Days.Order Now!,23|1|0,,,,,,,,,,,,,,,,,Rolls of 10.05 m x 0.70 m = 7 m√Ç¬≤ / 11 yds x 27.56&quot; = 75 sq. ft.,21|1|0,,,,,,,,,,,,,,,,,,,,,,,,,,,,,,,,,,,,,,,,,,,,,,,,,,,,,,,,,,,,,,,,,,,,"B-s2, d0 / Class A",19|1|0,,,,,,,,,,,,,,,,,,,,,,,,,,,,,,,,,,,,,,,,,,,,,,,,,,,,,Paste the wallcovering,17|1|0,,Peelable,18|1|0,,,,,,,,,,,,,,,,,,,,,,,,,,,,,,,,,,,,,,,,,,,,,,,,,,,,,Good lightfastness,15|1|0,,,,,,,,,,,,,,,,,Drop Match,7|1|0,,,,,,,,,,,,,,,,,,,,,,,,,,,,,,,,,,,,,,,,,,,,,,,,,,,,,,,,,,,,,,,,,,,,,,,,,,,,,,,,,,,,,,,,,,,,,,,,,,,,,,,,,,,,,,,,,"77/38.5 cm (30.31""/15.16"")",13|1|0,,,,,,,,,,,,,,,,,,,,,,,,,,,,,,,,,,,,,,,,,,,,,,,,,,,,,,,,,,,,,,,,,,,,,,,,,,,,,,,,,,,,,,,,,,,,,,,,,,,,,,,,,,,,,,,,,,,,,,,,,,,,,,,,,,,,,,,,,,,,,,,,,,,,,,,,,,,,,,,,,,,,,,,,,,,,,,,,,,,,,,,,,,,,,,,,,,,,,,,,,,,,,
Arte Wallpaper Pandan,arte-wallpaper-pandan,,999517874,"Wickerwork in tile shape, inspired by the tropical plant pandan",,publish,,0,10/03/22 15:04,1049,open,UF-34100-P,,,no,no,,727,,1.3,60,8.5,60,,instock,no,no,,no,taxable,,,no,,,,,,,,https://inspiry.co.nz/wp-content/uploads/2022/03/UF-34100-8.jpg ! alt : Arte Wallpaper Pandan  ! title : Arte Wallpaper Pandan  1 ! desc :  ! caption :  | https://inspiry.co.nz/wp-content/uploads/2022/03/UF-34100-1-2.jpg ! alt : Arte Wallpaper Pandan  ! title : Arte Wallpaper Pandan  2 ! desc :  ! caption :  | https://inspiry.co.nz/wp-content/uploads/2022/03/UF-34100-2-2.jpg ! alt : Arte Wallpaper Pandan  ! title : Arte Wallpaper Pandan  3 ! desc :  ! caption :  | https://inspiry.co.nz/wp-content/uploads/2022/03/UF-34100-3-2.jpg ! alt : Arte Wallpaper Pandan  ! title : Arte Wallpaper Pandan  4 ! desc :  ! caption :  | https://inspiry.co.nz/wp-content/uploads/2022/03/UF-34100-4-2.jpg ! alt : Arte Wallpaper Pandan  ! title : Arte Wallpaper Pandan  5 ! desc :  ! caption :  | https://inspiry.co.nz/wp-content/uploads/2022/03/UF-34100-5-2.jpg ! alt : Arte Wallpaper Pandan  ! title : Arte Wallpaper Pandan  6 ! desc :  ! caption :  | https://inspiry.co.nz/wp-content/uploads/2022/03/UF-34100-6-2.jpg ! alt : Arte Wallpaper Pandan  ! title : Arte Wallpaper Pandan  7 ! desc :  ! caption : ,,https://inspiry.co.nz/products/arte-wallpaper-pandan/,,,,,,,,,,,,variable,exclude_from_catalog|exclude_from_search,Wallpaper,,Free Shipping,,,,,,yes,,2022-03-10T06:04:25+00:00,,6,,,,,,,,,,,,,,,,,,,,,,,,,,,,,,,,,,,,,,,,,,,,,,,,,,,,,,,,,,,,,,,,,,,,,,,,,,,,Metyl Special (200 g in 4 l of water) with the addition of 20% PVA adhesive,14|1|0,,,,,,,,,,,,,,,,,Due in 5-7 Days.Order Now!,22|1|0,,,,,,,,,,,,,,,,,,,,,,,,,,,,,,,,,,,,,,Arte Wallpaper,1|1|0,,,,,,,,,,,Extra-washable,16|1|0,,,,,,,,,,,,,,,,,,,,,,,,,,,,,Selva,2|1|0,,,,,34100|34101|34102|34103|34104|34105|34106|34107|34108,3|1|1,,,,,,,,,,,,,,,,,,,,,,,,,,,,,,,,,,,,,,,,,,,,,,,,,,,,,,,,Due in 5-7 Days.Order Now!,23|1|0,,,,,,,,,,,,,,,,,xL-ROLL: Rolls of 10.05 m x 1.00 m = 10 m√Ç¬≤ / 11 yards x 39.37&quot; = 108 sq. ft.,21|1|0,,,,,,,,,,,,,,,,,,,,,,,,,,,,,,,,,,,,,,,,,,,,,,,,,,,,,,,,,,,,,,,,,,,,"B-s2, d0 / Class A",19|1|0,,,,,,,,,,,,,,,,,,,,,,,,,,,,,,,,,,,,,,,,,,,,,,,,,,,,,Paste the wallcovering,17|1|0,,Peelable,18|1|0,,,,,,,,,,,,,,,,,,,,,,,,,,,,,,,,,,,,,,,,,,,,,,,,,,,,,Good lightfastness,15|1|0,,,,,,,,,,,,,,,,,Straight Match,7|1|0,,,,,,,,,,,,,,,,,,,,,,,,,,,,,,,,,,,,,,,,,,,,,,,,,,,,,,,,,,,,,,,,,,,,,,,,,,,,,,,,,,,,,,,,,,,,,,,,,,,,,,,,,,,,,,,,,45 cm (17.72√¢‚Ç¨¬ù) or 90/45 cm (35.43√¢‚Ç¨¬ù/17.72&quot;),13|1|0,,,,,,,,,,,,,,,,,,,,,,,,,,,,,,,,,,,,,,,,,,,,,,,,,,,,,,,,,,,,,,,,,,,,,,,,,,,,,,,,,,,,,,,,,,,,,,,,,,,,,,,,,,,,,,,,,,,,,,,,,,,,,,,,,,,,,,,,,,,,,,,,,,,,,,,,,,,,,,,,,,,,,,,,,,,,,,,,,,,,,,,,,,,,,,,,,,,,,,,,,,,,,
Arte Wallpaper Macrame,arte-wallpaper-macrame,,999517882,Timeless wallpaper with a vintage touch and a glamorous twist,,publish,,0,10/03/22 15:04,1049,open,UF-11000-P,,,no,no,,501,,1.3,60,8.5,60,,instock,no,no,,no,taxable,,,no,,,,,,,,https://inspiry.co.nz/wp-content/uploads/2022/03/UF-11000-5.jpg ! alt : Arte Wallpaper Macrame  ! title : Arte Wallpaper Macrame  1 ! desc :  ! caption :  | https://inspiry.co.nz/wp-content/uploads/2022/03/UF-11000-1-2.jpg ! alt : Arte Wallpaper Macrame  ! title : Arte Wallpaper Macrame  2 ! desc :  ! caption :  | https://inspiry.co.nz/wp-content/uploads/2022/03/UF-11000-2-2.jpg ! alt : Arte Wallpaper Macrame  ! title : Arte Wallpaper Macrame  3 ! desc :  ! caption :  | https://inspiry.co.nz/wp-content/uploads/2022/03/UF-11000-3-2.jpg ! alt : Arte Wallpaper Macrame  ! title : Arte Wallpaper Macrame  4 ! desc :  ! caption : ,,https://inspiry.co.nz/products/arte-wallpaper-macrame/,,,,,,,,,,,,variable,exclude_from_catalog|exclude_from_search,Wallpaper,,Free Shipping,,,,,,yes,,2022-03-10T06:04:21+00:00,,0,,,,,,,,,,,,,,,,,,,,,,,,,,,,,,,,,,,,,,,,,,,,,,,,,,,,,,,,,,,,,,,,,,,,,,,,,,,,"Adhesive for non-woven wallcovering like Arte Clearpro, or Metyl Special (200 g in 4 l of water) with the addition of 20% PVA adhesive",14|1|0,,,,,,,,,,,,,,,,,Due in 5-7 Days.Order Now!,22|1|0,,,,,,,,,,,,,,,,,,,,,,,,,,,,,,,,,,,,,,Arte Wallpaper,1|1|0,,,,,,,,,,,Washable,16|1|0,,,,,,,,,,,,,,,,,,,,,,,,,,,,,Travellers,2|1|0,,,,,11000|11001|11002|11003,3|1|1,,,,,,,,,,,,,,,,,,,,,,,,,,,,,,,,,,,,,,,,,,,,,,,,,,,,,,,,Due in 5-7 Days.Order Now!,23|1|0,,,,,,,,,,,,,,,,,Rolls of 8.50 m x 0.70 m = 6 m√Ç¬≤ / 9.30 yds x 27.56&quot; = 64 sq. ft.,21|1|0,,,,,,,,,,,,,,,,,,,,,,,,,,,,,,,,,,,,,,,,,,,,,,,,,,,,,,,,,,,,,,,,,,,,"B-s1, d0 / Class A",19|1|0,,,,,,,,,,,,,,,,,,,,,,,,,,,,,,,,,,,,,,,,,,,,,,,,,,,,,Paste the wall,17|1|0,,Strippable,18|1|0,,,,,,,,,,,,,,,,,,,,,,,,,,,,,,,,,,,,,,,,,,,,,,,,,,,,,Good lightfastness,15|1|0,,,,,,,,,,,,,,,,,Straight Match,7|1|0,,,,,,,,,,,,,,,,,,,,,,,,,,,,,,,,,,,,,,,,,,,,,,,,,,,,,,,,,,,,,,,,,,,,,,,,,,,,,,,,,,,,,,,,,,,,,,,,,,,,,,,,,,,,,,,,,"16 cm (6.30"")",13|1|0,,,,,,,,,,,,,,,,,,,,,,,,,,,,,,,,,,,,,,,,,,,,,,,,,,,,,,,,,,,,,,,,,,,,,,,,,,,,,,,,,,,,,,,,,,,,,,,,,,,,,,,,,,,,,,,,,,,,,,,,,,,,,,,,,,,,,,,,,,,,,,,,,,,,,,,,,,,,,,,,,,,,,,,,,,,,,,,,,,,,,,,,,,,,,,,,,,,,,,,,,,,,,
Arte Wallpaper Calanco,arte-wallpaper-calanco,,999517887,Timeless wallpaper with a vintage touch and a glamorous twist,,publish,,0,10/03/22 15:04,1049,open,UF-11020-P,,,no,no,,501,,1.3,60,8.5,60,,instock,no,no,,no,taxable,,,no,,,,,,,,https://inspiry.co.nz/wp-content/uploads/2022/03/UF-11020-4.jpg ! alt : Arte Wallpaper Calanco  ! title : Arte Wallpaper Calanco  1 ! desc :  ! caption :  | https://inspiry.co.nz/wp-content/uploads/2022/03/UF-11020-1-2.jpg ! alt : Arte Wallpaper Calanco  ! title : Arte Wallpaper Calanco  2 ! desc :  ! caption :  | https://inspiry.co.nz/wp-content/uploads/2022/03/UF-11020-2-2.jpg ! alt : Arte Wallpaper Calanco  ! title : Arte Wallpaper Calanco  3 ! desc :  ! caption : ,,https://inspiry.co.nz/products/arte-wallpaper-calanco/,,,,,,,,,,,,variable,exclude_from_catalog|exclude_from_search,Wallpaper,,Free Shipping,,,,,,yes,,2022-03-10T06:04:18+00:00,,0,,,,,,,,,,,,,,,,,,,,,,,,,,,,,,,,,,,,,,,,,,,,,,,,,,,,,,,,,,,,,,,,,,,,,,,,,,,,"Adhesive for non-woven wallcovering like Arte Clearpro, or Metyl Special (200 g in 4 l of water) with the addition of 20% PVA adhesive",14|1|0,,,,,,,,,,,,,,,,,Due in 5-7 Days.Order Now!,22|1|0,,,,,,,,,,,,,,,,,,,,,,,,,,,,,,,,,,,,,,Arte Wallpaper,1|1|0,,,,,,,,,,,Washable,16|1|0,,,,,,,,,,,,,,,,,,,,,,,,,,,,,Travellers,2|1|0,,,,,11020|11021|11022,3|1|1,,,,,,,,,,,,,,,,,,,,,,,,,,,,,,,,,,,,,,,,,,,,,,,,,,,,,,,,Due in 5-7 Days.Order Now!,23|1|0,,,,,,,,,,,,,,,,,Rolls of 8.50 m x 0.70 m = 6 m√Ç¬≤ / 9.30 yds x 27.56&quot; = 64 sq. ft.,21|1|0,,,,,,,,,,,,,,,,,,,,,,,,,,,,,,,,,,,,,,,,,,,,,,,,,,,,,,,,,,,,,,,,,,,,"B-s1, d0 / Class A",19|1|0,,,,,,,,,,,,,,,,,,,,,,,,,,,,,,,,,,,,,,,,,,,,,,,,,,,,,Paste the wall,17|1|0,,Strippable,18|1|0,,,,,,,,,,,,,,,,,,,,,,,,,,,,,,,,,,,,,,,,,,,,,,,,,,,,,Good lightfastness,15|1|0,,,,,,,,,,,,,,,,,Straight Match,7|1|0,,,,,,,,,,,,,,,,,,,,,,,,,,,,,,,,,,,,,,,,,,,,,,,,,,,,,,,,,,,,,,,,,,,,,,,,,,,,,,,,,,,,,,,,,,,,,,,,,,,,,,,,,,,,,,,,,"32 cm (12.60"")",13|1|0,,,,,,,,,,,,,,,,,,,,,,,,,,,,,,,,,,,,,,,,,,,,,,,,,,,,,,,,,,,,,,,,,,,,,,,,,,,,,,,,,,,,,,,,,,,,,,,,,,,,,,,,,,,,,,,,,,,,,,,,,,,,,,,,,,,,,,,,,,,,,,,,,,,,,,,,,,,,,,,,,,,,,,,,,,,,,,,,,,,,,,,,,,,,,,,,,,,,,,,,,,,,,
Arte Wallpaper Talamanca,arte-wallpaper-talamanca,,999517891,Timeless wallpaper with a vintage touch and a glamorous twist,,publish,,0,10/03/22 15:04,1049,open,UF-11040-P,,,no,no,,508,,1.3,60,8.5,60,,instock,no,no,,no,taxable,,,no,,,,,,,,https://inspiry.co.nz/wp-content/uploads/2022/03/UF-11040-5.jpg ! alt : Arte Wallpaper Talamanca  ! title : Arte Wallpaper Talamanca  1 ! desc :  ! caption :  | https://inspiry.co.nz/wp-content/uploads/2022/03/UF-11040-1-2.jpg ! alt : Arte Wallpaper Talamanca  ! title : Arte Wallpaper Talamanca  2 ! desc :  ! caption :  | https://inspiry.co.nz/wp-content/uploads/2022/03/UF-11040-2-2.jpg ! alt : Arte Wallpaper Talamanca  ! title : Arte Wallpaper Talamanca  3 ! desc :  ! caption :  | https://inspiry.co.nz/wp-content/uploads/2022/03/UF-11040-3-2.jpg ! alt : Arte Wallpaper Talamanca  ! title : Arte Wallpaper Talamanca  4 ! desc :  ! caption : ,,https://inspiry.co.nz/products/arte-wallpaper-talamanca/,,,,,,,,,,,,variable,exclude_from_catalog|exclude_from_search,Wallpaper,,Free Shipping,,,,,,yes,,2022-03-10T06:04:16+00:00,,0,,,,,,,,,,,,,,,,,,,,,,,,,,,,,,,,,,,,,,,,,,,,,,,,,,,,,,,,,,,,,,,,,,,,,,,,,,,,"Adhesive for non-woven wallcovering like Arte Clearpro, or Metyl Special (200 g in 4 l of water) with the addition of 20% PVA adhesive",14|1|0,,,,,,,,,,,,,,,,,Due in 5-7 Days.Order Now!,22|1|0,,,,,,,,,,,,,,,,,,,,,,,,,,,,,,,,,,,,,,Arte Wallpaper,1|1|0,,,,,,,,,,,Washable,16|1|0,,,,,,,,,,,,,,,,,,,,,,,,,,,,,Travellers,2|1|0,,,,,11040|11041|11042|11043,3|1|1,,,,,,,,,,,,,,,,,,,,,,,,,,,,,,,,,,,,,,,,,,,,,,,,,,,,,,,,Due in 5-7 Days.Order Now!,23|1|0,,,,,,,,,,,,,,,,,Rolls of 8.50 m x 0.70 m = 6 m√Ç¬≤ / 9.30 yds x 27.56&quot; = 64 sq. ft.,21|1|0,,,,,,,,,,,,,,,,,,,,,,,,,,,,,,,,,,,,,,,,,,,,,,,,,,,,,,,,,,,,,,,,,,,,"B-s1, d0 / Class A",19|1|0,,,,,,,,,,,,,,,,,,,,,,,,,,,,,,,,,,,,,,,,,,,,,,,,,,,,,Paste the wall,17|1|0,,Strippable,18|1|0,,,,,,,,,,,,,,,,,,,,,,,,,,,,,,,,,,,,,,,,,,,,,,,,,,,,,Good lightfastness,15|1|0,,,,,,,,,,,,,,,,,Drop Match,7|1|0,,,,,,,,,,,,,,,,,,,,,,,,,,,,,,,,,,,,,,,,,,,,,,,,,,,,,,,,,,,,,,,,,,,,,,,,,,,,,,,,,,,,,,,,,,,,,,,,,,,,,,,,,,,,,,,,,"64/32 cm (25.20""/12.60"")",13|1|0,,,,,,,,,,,,,,,,,,,,,,,,,,,,,,,,,,,,,,,,,,,,,,,,,,,,,,,,,,,,,,,,,,,,,,,,,,,,,,,,,,,,,,,,,,,,,,,,,,,,,,,,,,,,,,,,,,,,,,,,,,,,,,,,,,,,,,,,,,,,,,,,,,,,,,,,,,,,,,,,,,,,,,,,,,,,,,,,,,,,,,,,,,,,,,,,,,,,,,,,,,,,,
Arte Wallpaper Horizon,arte-wallpaper-horizon,,999517896,Timeless wallpaper with a vintage touch and a glamorous twist,,publish,,0,10/03/22 15:04,1049,open,UF-11060-P,,,no,no,,508,,1.3,60,8.5,60,,instock,no,no,,no,taxable,,,no,,,,,,,,https://inspiry.co.nz/wp-content/uploads/2022/03/UF-11060-5.jpg ! alt : Arte Wallpaper Horizon  ! title : Arte Wallpaper Horizon  1 ! desc :  ! caption :  | https://inspiry.co.nz/wp-content/uploads/2022/03/UF-11060-1-2.jpg ! alt : Arte Wallpaper Horizon  ! title : Arte Wallpaper Horizon  2 ! desc :  ! caption :  | https://inspiry.co.nz/wp-content/uploads/2022/03/UF-11060-2-2.jpg ! alt : Arte Wallpaper Horizon  ! title : Arte Wallpaper Horizon  3 ! desc :  ! caption :  | https://inspiry.co.nz/wp-content/uploads/2022/03/UF-11060-3-2.jpg ! alt : Arte Wallpaper Horizon  ! title : Arte Wallpaper Horizon  4 ! desc :  ! caption : ,,https://inspiry.co.nz/products/arte-wallpaper-horizon/,,,,,,,,,,,,variable,exclude_from_catalog|exclude_from_search,Wallpaper,,Free Shipping,,,,,,yes,,2022-03-10T06:04:14+00:00,,0,,,,,,,,,,,,,,,,,,,,,,,,,,,,,,,,,,,,,,,,,,,,,,,,,,,,,,,,,,,,,,,,,,,,,,,,,,,,"Adhesive for non-woven wallcovering like Arte Clearpro, or Metyl Special (200 g in 4 l of water) with the addition of 20% PVA adhesive",14|1|0,,,,,,,,,,,,,,,,,Due in 5-7 Days.Order Now!,22|1|0,,,,,,,,,,,,,,,,,,,,,,,,,,,,,,,,,,,,,,Arte Wallpaper,1|1|0,,,,,,,,,,,Washable,16|1|0,,,,,,,,,,,,,,,,,,,,,,,,,,,,,Travellers,2|1|0,,,,,11060|11061|11062,3|1|1,,,,,,,,,,,,,,,,,,,,,,,,,,,,,,,,,,,,,,,,,,,,,,,,,,,,,,,,Due in 5-7 Days.Order Now!,23|1|0,,,,,,,,,,,,,,,,,64/32 cm (25.20&quot;/12.60&quot;),21|1|0,,,,,,,,,,,,,,,,,,,,,,,,,,,,,,,,,,,,,,,,,,,,,,,,,,,,,,,,,,,,,,,,,,,,"B-s1, d0 / Class A",19|1|0,,,,,,,,,,,,,,,,,,,,,,,,,,,,,,,,,,,,,,,,,,,,,,,,,,,,,Paste the wall,17|1|0,,Strippable,18|1|0,,,,,,,,,,,,,,,,,,,,,,,,,,,,,,,,,,,,,,,,,,,,,,,,,,,,,Good lightfastness,15|1|0,,,,,,,,,,,,,,,,,Drop Match,7|1|0,,,,,,,,,,,,,,,,,,,,,,,,,,,,,,,,,,,,,,,,,,,,,,,,,,,,,,,,,,,,,,,,,,,,,,,,,,,,,,,,,,,,,,,,,,,,,,,,,,,,,,,,,,,,,,,,,"64/32 cm (25.20""/12.60"")",13|1|0,,,,,,,,,,,,,,,,,,,,,,,,,,,,,,,,,,,,,,,,,,,,,,,,,,,,,,,,,,,,,,,,,,,,,,,,,,,,,,,,,,,,,,,,,,,,,,,,,,,,,,,,,,,,,,,,,,,,,,,,,,,,,,,,,,,,,,,,,,,,,,,,,,,,,,,,,,,,,,,,,,,,,,,,,,,,,,,,,,,,,,,,,,,,,,,,,,,,,,,,,,,,,
Arte Wallpaper Tantor,arte-wallpaper-tantor,,999517901,Timeless wallpaper with a vintage touch and a glamorous twist,,publish,,0,10/03/22 15:04,1049,open,UF-11080-P,,,no,no,,501,,1.3,60,8.5,60,,instock,no,no,,no,taxable,,,no,,,,,,,,https://inspiry.co.nz/wp-content/uploads/2022/03/UF-11080-6.jpg ! alt : Arte Wallpaper Tantor  ! title : Arte Wallpaper Tantor  1 ! desc :  ! caption :  | https://inspiry.co.nz/wp-content/uploads/2022/03/UF-11080-1-2.jpg ! alt : Arte Wallpaper Tantor  ! title : Arte Wallpaper Tantor  2 ! desc :  ! caption :  | https://inspiry.co.nz/wp-content/uploads/2022/03/UF-11080-2-2.jpg ! alt : Arte Wallpaper Tantor  ! title : Arte Wallpaper Tantor  3 ! desc :  ! caption :  | https://inspiry.co.nz/wp-content/uploads/2022/03/UF-11080-3-2.jpg ! alt : Arte Wallpaper Tantor  ! title : Arte Wallpaper Tantor  4 ! desc :  ! caption :  | https://inspiry.co.nz/wp-content/uploads/2022/03/UF-11080-4-2.jpg ! alt : Arte Wallpaper Tantor  ! title : Arte Wallpaper Tantor  5 ! desc :  ! caption : ,,https://inspiry.co.nz/products/arte-wallpaper-tantor/,,,,,,,,,,,,variable,exclude_from_catalog|exclude_from_search,Wallpaper,,Free Shipping,,,,,,yes,,2022-03-10T06:04:12+00:00,,0,,,,,,,,,,,,,,,,,,,,,,,,,,,,,,,,,,,,,,,,,,,,,,,,,,,,,,,,,,,,,,,,,,,,,,,,,,,,"Adhesive for non-woven wallcovering like Arte Clearpro, or Metyl Special (200 g in 4 l of water) with the addition of 20% PVA adhesive",14|1|0,,,,,,,,,,,,,,,,,Due in 5-7 Days.Order Now!,22|1|0,,,,,,,,,,,,,,,,,,,,,,,,,,,,,,,,,,,,,,Arte Wallpaper,1|1|0,,,,,,,,,,,Washable,16|1|0,,,,,,,,,,,,,,,,,,,,,,,,,,,,,Travellers,2|1|0,,,,,11080|11081|11082|11083,3|1|1,,,,,,,,,,,,,,,,,,,,,,,,,,,,,,,,,,,,,,,,,,,,,,,,,,,,,,,,Due in 5-7 Days.Order Now!,23|1|0,,,,,,,,,,,,,,,,,Rolls of 8.50 m x 0.70 m = 6 m√Ç¬≤ / 9.30 yds x 27.56&quot; = 64 sq. ft.,21|1|0,,,,,,,,,,,,,,,,,,,,,,,,,,,,,,,,,,,,,,,,,,,,,,,,,,,,,,,,,,,,,,,,,,,,"B-s1, d0 / Class A",19|1|0,,,,,,,,,,,,,,,,,,,,,,,,,,,,,,,,,,,,,,,,,,,,,,,,,,,,,Paste the wall,17|1|0,,Strippable,18|1|0,,,,,,,,,,,,,,,,,,,,,,,,,,,,,,,,,,,,,,,,,,,,,,,,,,,,,Good lightfastness,15|1|0,,,,,,,,,,,,,,,,,Straight Match,7|1|0,,,,,,,,,,,,,,,,,,,,,,,,,,,,,,,,,,,,,,,,,,,,,,,,,,,,,,,,,,,,,,,,,,,,,,,,,,,,,,,,,,,,,,,,,,,,,,,,,,,,,,,,,,,,,,,,,"64 cm (25.20"")",13|1|0,,,,,,,,,,,,,,,,,,,,,,,,,,,,,,,,,,,,,,,,,,,,,,,,,,,,,,,,,,,,,,,,,,,,,,,,,,,,,,,,,,,,,,,,,,,,,,,,,,,,,,,,,,,,,,,,,,,,,,,,,,,,,,,,,,,,,,,,,,,,,,,,,,,,,,,,,,,,,,,,,,,,,,,,,,,,,,,,,,,,,,,,,,,,,,,,,,,,,,,,,,,,,
Arte Wallpaper Pelage,arte-wallpaper-pelage,,999517907,Timeless wallpaper with a vintage touch and a glamorous twist,,publish,,0,10/03/22 15:04,1049,open,UF-11100-P,,,no,no,,508,,1.3,60,8.5,60,,instock,no,no,,no,taxable,,,no,,,,,,,,https://inspiry.co.nz/wp-content/uploads/2022/03/UF-11100-5.jpg ! alt : Arte Wallpaper Pelage  ! title : Arte Wallpaper Pelage  1 ! desc :  ! caption :  | https://inspiry.co.nz/wp-content/uploads/2022/03/UF-11100-1-2.jpg ! alt : Arte Wallpaper Pelage  ! title : Arte Wallpaper Pelage  2 ! desc :  ! caption :  | https://inspiry.co.nz/wp-content/uploads/2022/03/UF-11100-2-2.jpg ! alt : Arte Wallpaper Pelage  ! title : Arte Wallpaper Pelage  3 ! desc :  ! caption :  | https://inspiry.co.nz/wp-content/uploads/2022/03/UF-11100-3-2.jpg ! alt : Arte Wallpaper Pelage  ! title : Arte Wallpaper Pelage  4 ! desc :  ! caption : ,,https://inspiry.co.nz/products/arte-wallpaper-pelage/,,,,,,,,,,,,variable,exclude_from_catalog|exclude_from_search,Wallpaper,,Free Shipping,,,,,,yes,,2022-03-10T06:04:10+00:00,,0,,,,,,,,,,,,,,,,,,,,,,,,,,,,,,,,,,,,,,,,,,,,,,,,,,,,,,,,,,,,,,,,,,,,,,,,,,,,"Adhesive for non-woven wallcovering like Arte Clearpro, or Metyl Special (200 g in 4 l of water) with the addition of 20% PVA adhesive",14|1|0,,,,,,,,,,,,,,,,,Due in 5-7 Days.Order Now!,22|1|0,,,,,,,,,,,,,,,,,,,,,,,,,,,,,,,,,,,,,,Arte Wallpaper,1|1|0,,,,,,,,,,,Washable,16|1|0,,,,,,,,,,,,,,,,,,,,,,,,,,,,,Travellers,2|1|0,,,,,11100|11101,3|1|1,,,,,,,,,,,,,,,,,,,,,,,,,,,,,,,,,,,,,,,,,,,,,,,,,,,,,,,,Due in 5-7 Days.Order Now!,23|1|0,,,,,,,,,,,,,,,,,Rolls of 8.50 m x 0.70 m = 6 m√Ç¬≤ / 9.30 yds x 27.56&quot; = 64 sq. ft.,21|1|0,,,,,,,,,,,,,,,,,,,,,,,,,,,,,,,,,,,,,,,,,,,,,,,,,,,,,,,,,,,,,,,,,,,,"B-s1, d0 / Class A",19|1|0,,,,,,,,,,,,,,,,,,,,,,,,,,,,,,,,,,,,,,,,,,,,,,,,,,,,,Paste the wall,17|1|0,,Strippable,18|1|0,,,,,,,,,,,,,,,,,,,,,,,,,,,,,,,,,,,,,,,,,,,,,,,,,,,,,Good lightfastness,15|1|0,,,,,,,,,,,,,,,,,Straight Match,7|1|0,,,,,,,,,,,,,,,,,,,,,,,,,,,,,,,,,,,,,,,,,,,,,,,,,,,,,,,,,,,,,,,,,,,,,,,,,,,,,,,,,,,,,,,,,,,,,,,,,,,,,,,,,,,,,,,,,"64 cm (25.20"")",13|1|0,,,,,,,,,,,,,,,,,,,,,,,,,,,,,,,,,,,,,,,,,,,,,,,,,,,,,,,,,,,,,,,,,,,,,,,,,,,,,,,,,,,,,,,,,,,,,,,,,,,,,,,,,,,,,,,,,,,,,,,,,,,,,,,,,,,,,,,,,,,,,,,,,,,,,,,,,,,,,,,,,,,,,,,,,,,,,,,,,,,,,,,,,,,,,,,,,,,,,,,,,,,,,
Arte Wallpaper Damara,arte-wallpaper-damara,,999517912,Timeless wallpaper with a vintage touch and a glamorous twist,,publish,,0,10/03/22 15:04,1049,open,UF-11120-P,,,no,no,,508,,1.3,60,8.5,60,,instock,no,no,,no,taxable,,,no,,,,,,,,https://inspiry.co.nz/wp-content/uploads/2022/03/UF-11120-4.jpg ! alt : Arte Wallpaper Damara  ! title : Arte Wallpaper Damara  1 ! desc :  ! caption :  | https://inspiry.co.nz/wp-content/uploads/2022/03/UF-11120-1-2.jpg ! alt : Arte Wallpaper Damara  ! title : Arte Wallpaper Damara  2 ! desc :  ! caption :  | https://inspiry.co.nz/wp-content/uploads/2022/03/UF-11120-2-2.jpg ! alt : Arte Wallpaper Damara  ! title : Arte Wallpaper Damara  3 ! desc :  ! caption : ,,https://inspiry.co.nz/products/arte-wallpaper-damara/,,,,,,,,,,,,variable,exclude_from_catalog|exclude_from_search,Wallpaper,,Free Shipping,,,,,,yes,,2022-03-10T06:04:09+00:00,,0,,,,,,,,,,,,,,,,,,,,,,,,,,,,,,,,,,,,,,,,,,,,,,,,,,,,,,,,,,,,,,,,,,,,,,,,,,,,"Adhesive for non-woven wallcovering like Arte Clearpro, or Metyl Special (200 g in 4 l of water) with the addition of 20% PVA adhesive",14|1|0,,,,,,,,,,,,,,,,,Due in 5-7 Days.Order Now!,22|1|0,,,,,,,,,,,,,,,,,,,,,,,,,,,,,,,,,,,,,,Arte Wallpaper,1|1|0,,,,,,,,,,,Washable,16|1|0,,,,,,,,,,,,,,,,,,,,,,,,,,,,,Travellers,2|1|0,,,,,11120|11121,3|1|1,,,,,,,,,,,,,,,,,,,,,,,,,,,,,,,,,,,,,,,,,,,,,,,,,,,,,,,,Due in 5-7 Days.Order Now!,23|1|0,,,,,,,,,,,,,,,,,Rolls of 8.50 m x 0.70 m = 6 m√Ç¬≤ / 9.30 yds x 27.56&quot; = 64 sq. ft.,21|1|0,,,,,,,,,,,,,,,,,,,,,,,,,,,,,,,,,,,,,,,,,,,,,,,,,,,,,,,,,,,,,,,,,,,,"B-s1, d0 / Class A",19|1|0,,,,,,,,,,,,,,,,,,,,,,,,,,,,,,,,,,,,,,,,,,,,,,,,,,,,,Paste the wall,17|1|0,,Strippable,18|1|0,,,,,,,,,,,,,,,,,,,,,,,,,,,,,,,,,,,,,,,,,,,,,,,,,,,,,Good lightfastness,15|1|0,,,,,,,,,,,,,,,,,Drop Match,7|1|0,,,,,,,,,,,,,,,,,,,,,,,,,,,,,,,,,,,,,,,,,,,,,,,,,,,,,,,,,,,,,,,,,,,,,,,,,,,,,,,,,,,,,,,,,,,,,,,,,,,,,,,,,,,,,,,,,"91.4/45.7 cm (35.98""/17.99"")",13|1|0,,,,,,,,,,,,,,,,,,,,,,,,,,,,,,,,,,,,,,,,,,,,,,,,,,,,,,,,,,,,,,,,,,,,,,,,,,,,,,,,,,,,,,,,,,,,,,,,,,,,,,,,,,,,,,,,,,,,,,,,,,,,,,,,,,,,,,,,,,,,,,,,,,,,,,,,,,,,,,,,,,,,,,,,,,,,,,,,,,,,,,,,,,,,,,,,,,,,,,,,,,,,,
Arte Wallpaper Palmera,arte-wallpaper-palmera,,999517916,Timeless wallpaper with a vintage touch and a glamorous twist,,publish,,0,10/03/22 15:04,1049,open,UF-11140-P,,,no,no,,771,,1.3,60,8.5,60,,instock,no,no,,no,taxable,,,no,,,,,,,,https://inspiry.co.nz/wp-content/uploads/2022/03/UF-11140-4.jpg ! alt : Arte Wallpaper Palmera  ! title : Arte Wallpaper Palmera  1 ! desc :  ! caption :  | https://inspiry.co.nz/wp-content/uploads/2022/03/UF-11140-1-2.jpg ! alt : Arte Wallpaper Palmera  ! title : Arte Wallpaper Palmera  2 ! desc :  ! caption :  | https://inspiry.co.nz/wp-content/uploads/2022/03/UF-11140-2-2.jpg ! alt : Arte Wallpaper Palmera  ! title : Arte Wallpaper Palmera  3 ! desc :  ! caption : ,,https://inspiry.co.nz/products/arte-wallpaper-palmera/,,,,,,,,,,,,variable,exclude_from_catalog|exclude_from_search,Wallpaper,,Free Shipping,,,,,,yes,,2022-03-10T06:04:08+00:00,,0,,,,,,,,,,,,,,,,,,,,,,,,,,,,,,,,,,,,,,,,,,,,,,,,,,,,,,,,,,,,,,,,,,,,,,,,,,,,"Adhesive for non-woven wallcovering like Arte Clearpro, or Metyl Special (200 g in 4 l of water) with the addition of 20% PVA adhesive",14|1|0,,,,,,,,,,,,,,,,,Due in 5-7 Days.Order Now!,22|1|0,,,,,,,,,,,,,,,,,,,,,,,,,,,,,,,,,,,,,,Arte Wallpaper,1|1|0,,,,,,,,,,,Washable,16|1|0,,,,,,,,,,,,,,,,,,,,,,,,,,,,,Travellers,2|1|0,,,,,11140|11141,3|1|1,,,,,,,,,,,,,,,,,,,,,,,,,,,,,,,,,,,,,,,,,,,,,,,,,,,,,,,,Due in 5-7 Days.Order Now!,23|1|0,,,,,,,,,,,,,,,,,Rolls of 8.50 m x 0.70 m = 6 m√Ç¬≤ / 9.30 yds x 27.56&quot; = 64 sq. ft.,21|1|0,,,,,,,,,,,,,,,,,,,,,,,,,,,,,,,,,,,,,,,,,,,,,,,,,,,,,,,,,,,,,,,,,,,,"B-s1, d0 / Class A",19|1|0,,,,,,,,,,,,,,,,,,,,,,,,,,,,,,,,,,,,,,,,,,,,,,,,,,,,,Paste the wall,17|1|0,,Strippable,18|1|0,,,,,,,,,,,,,,,,,,,,,,,,,,,,,,,,,,,,,,,,,,,,,,,,,,,,,Good lightfastness,15|1|0,,,,,,,,,,,,,,,,,Drop Match,7|1|0,,,,,,,,,,,,,,,,,,,,,,,,,,,,,,,,,,,,,,,,,,,,,,,,,,,,,,,,,,,,,,,,,,,,,,,,,,,,,,,,,,,,,,,,,,,,,,,,,,,,,,,,,,,,,,,,,"140/70 cm (55.12""/27.56"")",13|1|0,,,,,,,,,,,,,,,,,,,,,,,,,,,,,,,,,,,,,,,,,,,,,,,,,,,,,,,,,,,,,,,,,,,,,,,,,,,,,,,,,,,,,,,,,,,,,,,,,,,,,,,,,,,,,,,,,,,,,,,,,,,,,,,,,,,,,,,,,,,,,,,,,,,,,,,,,,,,,,,,,,,,,,,,,,,,,,,,,,,,,,,,,,,,,,,,,,,,,,,,,,,,,
Arte Wallpaper Indigo Macaque,arte-wallpaper-indigo-macaque,,999517920,Denim wallcovering with coloured embroidery. The design displays a playful scene of Indigo Macaque families,,publish,,0,10/03/22 15:04,1049,open,UF-MO3000-P,,,no,no,,780,,1.3,60,8.5,60,,instock,no,no,,no,taxable,,,no,,,,,,,,https://inspiry.co.nz/wp-content/uploads/2022/03/UF-MO3000-5.jpg ! alt : Arte Wallpaper Indigo Macaque  ! title : Arte Wallpaper Indigo Macaque  1 ! desc :  ! caption :  | https://inspiry.co.nz/wp-content/uploads/2022/03/UF-MO3000-1-2.jpg ! alt : Arte Wallpaper Indigo Macaque  ! title : Arte Wallpaper Indigo Macaque  2 ! desc :  ! caption :  | https://inspiry.co.nz/wp-content/uploads/2022/03/UF-MO3000-2-2.jpg ! alt : Arte Wallpaper Indigo Macaque  ! title : Arte Wallpaper Indigo Macaque  3 ! desc :  ! caption :  | https://inspiry.co.nz/wp-content/uploads/2022/03/UF-MO3000-3-2.jpg ! alt : Arte Wallpaper Indigo Macaque  ! title : Arte Wallpaper Indigo Macaque  4 ! desc :  ! caption : ,,https://inspiry.co.nz/products/arte-wallpaper-indigo-macaque/,,,,,,,,,,,,variable,exclude_from_catalog|exclude_from_search,Wallpaper,,Free Shipping,,,,,,yes,,2022-03-10T06:04:07+00:00,,0,,,,,,,,,,,,,,,,,,,,,,,,,,,,,,,,,,,,,,,,,,,,,,,,,,,,,,,,,,,,,,,,,,,,,,,,,,,,Adhesive for non-woven wallcovering like Arte Clearpro or 100% dispersion adhesive,14|1|0,,,,,,,,,,,,,,,,,Due in 5-7 Days.Order Now!,22|1|0,,,,,,,,,,,,,,,,,,,,,,,,,,,,,,,,,,,,,,Arte Wallpaper,1|1|0,,,,,,,,,,,Washable,16|1|0,,,,,,,,,,,,,,,,,,,,,,,,,,,,,Moooi Wallcovering Tokyo Blue,2|1|0,,,,,Copper|Ivory,3|1|1,,,,,,,,,,,,,,,,,,,,,,,,,,,,,,,,,,,,,,,,,,,,,,,,,,,,,,,,Due in 5-7 Days.Order Now!,23|1|0,,,,,,,,,,,,,,,,,,,,,,,,,,,,,,,,,,,,,,,,,,,,,,,,,,,,,,,,,,,,,,,,,,,,,,,,,,,,,,,,,,,,,,"C-s1, d0",19|1|0,,,,,,,,,,,,,,,,,,,,,,,,,,,,,,,,,,,,,,,,,,,,,,,,,,,,,Paste the wall,17|1|0,,Strippable,18|1|0,,,,,,,,,,,,,,,,,,,,,,,,,,,,,,,,,,,,,,,,,,,,,,,,,,,,,Good lightfastness,15|1|0,,,,,,,,,,,,,,,,,Straight Match,7|1|0,,,,,,,,,,,,,,,,,,,,,,,,,,,,,,,,,,,,,,,,,,,,,,,,,,,,,,,,,,,,,,,,,,,,,,,,,,,,,,,,,,,,,,,,,,,,,,,,,,,,,,,,,,,,,,,,,"80 cm (31.50"")",13|1|0,,,,,,,,,,,,,,,,,,,,,,,,,,,,,,,,,,,,,,,,,,,,,,,,,,,,,,,,,,,,,,,,,,,,the linear metre/yard,11|1|0,,,,,,,,,,,,,,,,,,,,,,,,,,,,,,,,,,,,,,,,,,,,,,,,,,,,,,,,,,,,,,,,,,,,,,,,,,,,,,,,,,,,,,,,,,,,,,,,,,,,,,,,,,,,,,,,,,,,,,,,,,"126 cm (49.60"")",9|1|0,,,,,,,,,,,,,
Arte Wallpaper Rendezvous Tokyo Blue,arte-wallpaper-rendezvous-tokyo-blue,,999517925,Wallcovering printed on a soft and velvety finish fabric with denim textures,,publish,,0,10/03/22 15:05,1049,open,UF-MO3010-P,,,no,no,,412,,1.3,60,8.5,60,,instock,no,no,,no,taxable,,,no,,,,,,,,https://inspiry.co.nz/wp-content/uploads/2022/03/UF-MO3010-5.jpg ! alt : Arte Wallpaper Rendezvous Tokyo Blue  ! title : Arte Wallpaper Rendezvous Tokyo Blue  1 ! desc :  ! caption :  | https://inspiry.co.nz/wp-content/uploads/2022/03/UF-MO3010-1-2.jpg ! alt : Arte Wallpaper Rendezvous Tokyo Blue  ! title : Arte Wallpaper Rendezvous Tokyo Blue  2 ! desc :  ! caption :  | https://inspiry.co.nz/wp-content/uploads/2022/03/UF-MO3010-2-2.jpg ! alt : Arte Wallpaper Rendezvous Tokyo Blue  ! title : Arte Wallpaper Rendezvous Tokyo Blue  3 ! desc :  ! caption :  | https://inspiry.co.nz/wp-content/uploads/2022/03/UF-MO3010-3-2.jpg ! alt : Arte Wallpaper Rendezvous Tokyo Blue  ! title : Arte Wallpaper Rendezvous Tokyo Blue  4 ! desc :  ! caption : ,,https://inspiry.co.nz/products/arte-wallpaper-rendezvous-tokyo-blue/,,,,,,,,,,,,variable,exclude_from_catalog|exclude_from_search,Wallpaper,,Free Shipping,,,,,,yes,,2022-03-10T06:04:06+00:00,,0,,,,,,,,,,,,,,,,,,,,,,,,,,,,,,,,,,,,,,,,,,,,,,,,,,,,,,,,,,,,,,,,,,,,,,,,,,,,Adhesive for non-woven wallcovering like Arte Clearpro or 100% dispersion adhesive,14|1|0,,,,,,,,,,,,,,,,,Due in 5-7 Days.Order Now!,22|1|0,,,,,,,,,,,,,,,,,,,,,,,,,,,,,,,,,,,,,,Arte Wallpaper,1|1|0,,,,,,,,,,,Spongeable during hanging (dab away damp glue),16|1|0,,,,,,,,,,,,,,,,,,,,,,,,,,,,,Moooi Wallcovering Tokyo Blue,2|1|0,,,,,Cashmere|Indigo|Ming Blue,3|1|1,,,,,,,,,,,,,,,,,,,,,,,,,,,,,,,,,,,,,,,,,,,,,,,,,,,,,,,,Due in 5-7 Days.Order Now!,23|1|0,,,,,,,,,,,,,,,,,,,,,,,,,,,,,,,,,,,,,,,,,,,,,,,,,,,,,,,,,,,,,,,,,,,,,,,,,,,,,,,,,,,,,,,,,,,,,,,,,,,,,,,,,,,,,,,,,,,,,,,,,,,,,,,,,,,,,,,,,,,,Paste the wall,17|1|0,,Strippable,18|1|0,,,,,,,,,,,,,,,,,,,,,,,,,,,,,,,,,,,,,,,,,,,,,,,,,,,,,Good lightfastness,15|1|0,,,,,,,,,,,,,,,,,Drop Match,7|1|0,,,,,,,,,,,,,,,,,,,,,,,,,,,,,,,,,,,,,,,,,,,,,,,,,,,,,,,,,,,,,,,,,,,,,,,,,,,,,,,,,,,,,,,,,,,,,,,,,,,,,,,,,,,,,,,,,"130/65 cm (51.18""/25.59"")",13|1|0,,,,,,,,,,,,,,,,,,,,,,,,,,,,,,,,,,,,,,,,,,,,,,,,,,,,,,,,,,,,,,,,,,,,the linear metre/yard,11|1|0,,,,,,,,,,,,,,,,,,,,,,,,,,,,,,,,,,,,,,,,,,,,,,,,,,,,,,,,,,,,,,,,,,,,,,,,,,,,,,,,,,,,,,,,,,,,,,,,,,,,,,,,,,,,,,,,,,,,,,,,,,"130 cm (51.18"")",9|1|0,,,,,,,,,,,,,
Arte Wallpaper Tie Tami,arte-wallpaper-tie-tami,,999517930,Jute and raffia wallcovering honouring the ancient Japanese woven tatami-mats,,publish,,0,10/03/22 15:05,1049,open,UF-MO3020-P,,,no,no,,642,,1.3,60,8.5,60,,instock,no,no,,no,taxable,,,no,,,,,,,,https://inspiry.co.nz/wp-content/uploads/2022/03/UF-MO3020-4.jpg ! alt : Arte Wallpaper Tie Tami ! title : Arte Wallpaper Tie Tami 1 ! desc :  ! caption :  | https://inspiry.co.nz/wp-content/uploads/2022/03/UF-MO3020-1-2.jpg ! alt : Arte Wallpaper Tie Tami ! title : Arte Wallpaper Tie Tami 2 ! desc :  ! caption :  | https://inspiry.co.nz/wp-content/uploads/2022/03/UF-MO3020-2-2.jpg ! alt : Arte Wallpaper Tie Tami ! title : Arte Wallpaper Tie Tami 3 ! desc :  ! caption : ,,https://inspiry.co.nz/products/arte-wallpaper-tie-tami/,,,,,,,,,,,,variable,exclude_from_catalog|exclude_from_search,Wallpaper,,Free Shipping,,,,,,yes,,2022-03-10T06:04:04+00:00,,0,,,,,,,,,,,,,,,,,,,,,,,,,,,,,,,,,,,,,,,,,,,,,,,,,,,,,,,,,,,,,,,,,,,,,,,,,,,,Adhesive for non-woven wallcovering like Arte Clearpro or 100% dispersion adhesive,14|1|0,,,,,,,,,,,,,,,,,Due in 5-7 Days.Order Now!,22|1|0,,,,,,,,,,,,,,,,,,,,,,,,,,,,,,,,,,,,,,Arte Wallpaper,1|1|0,,,,,,,,,,,Washable,16|1|0,,,,,,,,,,,,,,,,,,,,,,,,,,,,,Moooi Wallcovering Tokyo Blue,2|1|0,,,,,Mid-day|Sunrise|Sunset,3|1|1,,,,,,,,,,,,,,,,,,,,,,,,,,,,,,,,,,,,,,,,,,,,,,,,,,,,,,,,Due in 5-7 Days.Order Now!,23|1|0,,,,,,,,,,,,,,,,,,,,,,,,,,,,,,,,,,,,,,,,,,,,,,,,,,,,,,,,,,,,,,,,,,,,,,,,,,,,,,,,,,,,,,,,,,,,,,,,,,,,,,,,,,,,,,,,,,,,,,,,,,,,,,,,,,,,,,,,,,,,Paste the wall,17|1|0,,Strippable,18|1|0,,,,,,,,,,,,,,,,,,,,,,,,,,,,,,,,,,,,,,,,,,,,,,,,,,,,,Good lightfastness,15|1|0,,,,,,,,,,,,,,,,,Drop Match,7|1|0,,,,,,,,,,,,,,,,,,,,,,,,,,,,,,,,,,,,,,,,,,,,,,,,,,,,,,,,,,,,,,,,,,,,,,,,,,,,,,,,,,,,,,,,,,,,,,,,,,,,,,,,,,,,,,,,,"92.5/46.25 cm (36.42""/18.21"")",13|1|0,,,,,,,,,,,,,,,,,,,,,,,,,,,,,,,,,,,,,,,,,,,,,,,,,,,,,,,,,,,,,,,,,,,,the linear metre/yard,11|1|0,,,,,,,,,,,,,,,,,,,,,,,,,,,,,,,,,,,,,,,,,,,,,,,,,,,,,,,,,,,,,,,,,,,,,,,,,,,,,,,,,,,,,,,,,,,,,,,,,,,,,,,,,,,,,,,,,,,,,,,,,,"134, 5 cm (52.95&quot;)",9|1|0,,,,,,,,,,,,,
Arte Wallpaper Shoji Blossom,arte-wallpaper-shoji-blossom,,999517934,3D wallcovering made from denim (MO3030) and felted wool (MO3031-MO3032). Symbolic cherry blossoms and straight lines resembling the minimalistic feel of Japanese Shoji screens,,publish,,0,10/03/22 15:05,1049,open,UF-MO3030-P,,,no,no,,1001,,1.3,60,8.5,60,,instock,no,no,,no,taxable,,,no,,,,,,,,https://inspiry.co.nz/wp-content/uploads/2022/03/UF-MO3030-4.jpg ! alt : Arte Wallpaper Shoji Blossom  ! title : Arte Wallpaper Shoji Blossom  1 ! desc :  ! caption :  | https://inspiry.co.nz/wp-content/uploads/2022/03/UF-MO3030-1-2.jpg ! alt : Arte Wallpaper Shoji Blossom  ! title : Arte Wallpaper Shoji Blossom  2 ! desc :  ! caption :  | https://inspiry.co.nz/wp-content/uploads/2022/03/UF-MO3030-2-2.jpg ! alt : Arte Wallpaper Shoji Blossom  ! title : Arte Wallpaper Shoji Blossom  3 ! desc :  ! caption : ,,https://inspiry.co.nz/products/arte-wallpaper-shoji-blossom/,,,,,,,,,,,,variable,exclude_from_catalog|exclude_from_search,Wallpaper,,Free Shipping,,,,,,yes,,2022-03-10T06:04:03+00:00,,0,,,,,,,,,,,,,,,,,,,,,,,,,,,,,,,,,,,,,,,,,,,,,,,,,,,,,,,,,,,,,,,,,,,,,,,,,,,,Adhesive for non-woven wallcovering like Arte Clearpro or 100% dispersion adhesive,14|1|0,,,,,,,,,,,,,,,,,Due in 5-7 Days.Order Now!,22|1|0,,,,,,,,,,,,,,,,,,,,,,,,,,,,,,,,,,,,,,Arte Wallpaper,1|1|0,,,,,,,,,,,Spongeable during hanging (dab away damp glue),16|1|0,,,,,,,,,,,,,,,,,,,,,,,,,,,,,Moooi Wallcovering Tokyo Blue,2|1|0,,,,,Copper|Denim|Ivory,3|1|1,,,,,,,,,,,,,,,,,,,,,,,,,,,,,,,,,,,,,,,,,,,,,,,,,,,,,,,,Due in 5-7 Days.Order Now!,23|1|0,,,,,,,,,,,,,,,,,,,,,,,,,,,,,,,,,,,,,,,,,,,,,,,,,,,,,,,,,,,,,,,,,,,,,,,,,,,,,,,,,,,,,,,,,,,,,,,,,,,,,,,,,,,,,,,,,,,,,,,,,,,,,,,,,,,,,,,,,,,,Paste the wall,17|1|0,,Strippable,18|1|0,,,,,,,,,,,,,,,,,,,,,,,,,,,,,,,,,,,,,,,,,,,,,,,,,,,,,Good lightfastness,15|1|0,,,,,,,,,,,,,,,,,Drop Match,7|1|0,,,,,,,,,,,,,,,,,,,,,,,,,,,,,,,,,,,,,,,,,,,,,,,,,,,,,,,,,,,,,,,,,,,,,,,,,,,,,,,,,,,,,,,,,,,,,,,,,,,,,,,,,,,,,,,,,"115/57.5 cm (45.28""/22.64"")",13|1|0,,,,,,,,,,,,,,,,,,,,,,,,,,,,,,,,,,,,,,,,,,,,,,,,,,,,,,,,,,,,,,,,,,,,the linear metre/yard,11|1|0,,,,,,,,,,,,,,,,,,,,,,,,,,,,,,,,,,,,,,,,,,,,,,,,,,,,,,,,,,,,,,,,,,,,,,,,,,,,,,,,,,,,,,,,,,,,,,,,,,,,,,,,,,,,,,,,,,,,,,,,,,"119 cm (46.85"")",9|1|0,,,,,,,,,,,,,
Arte Wallpaper Lucky O's,arte-wallpaper-lucky-os,,999517938,"Overlapping O√¢‚Ç¨‚Ñ¢s, created of wood veneer marquetry inlay, resemble the rolling waves of the ocean",,publish,,0,10/03/22 15:05,1049,open,UF-MO3040-P,,,no,no,,481,,1.3,60,8.5,60,,instock,no,no,,no,taxable,,,no,,,,,,,,https://inspiry.co.nz/wp-content/uploads/2022/03/UF-MO3040-4.jpg ! alt : Arte Wallpaper Lucky O's  ! title : Arte Wallpaper Lucky O's  1 ! desc :  ! caption :  | https://inspiry.co.nz/wp-content/uploads/2022/03/UF-MO3040-1-2.jpg ! alt : Arte Wallpaper Lucky O's  ! title : Arte Wallpaper Lucky O's  2 ! desc :  ! caption :  | https://inspiry.co.nz/wp-content/uploads/2022/03/UF-MO3040-2-2.jpg ! alt : Arte Wallpaper Lucky O's  ! title : Arte Wallpaper Lucky O's  3 ! desc :  ! caption : ,,https://inspiry.co.nz/products/arte-wallpaper-lucky-os/,,,,,,,,,,,,variable,exclude_from_catalog|exclude_from_search,Wallpaper,,Free Shipping,,,,,,yes,,2022-03-10T06:04:01+00:00,,0,,,,,,,,,,,,,,,,,,,,,,,,,,,,,,,,,,,,,,,,,,,,,,,,,,,,,,,,,,,,,,,,,,,,,,,,,,,,Adhesive for non-woven wallcovering like Arte Clearpro or 100% dispersion adhesive,14|1|0,,,,,,,,,,,,,,,,,Due in 5-7 Days.Order Now!,22|1|0,,,,,,,,,,,,,,,,,,,,,,,,,,,,,,,,,,,,,,Arte Wallpaper,1|1|0,,,,,,,,,,,Spongeable during hanging (dab away damp glue),16|1|0,,,,,,,,,,,,,,,,,,,,,,,,,,,,,Moooi Wallcovering Tokyo Blue,2|1|0,,,,,Birch &amp; Black|Birch &amp; Blue|Birch &amp; Gold|Birch &amp; Silver,3|1|1,,,,,,,,,,,,,,,,,,,,,,,,,,,,,,,,,,,,,,,,,,,,,,,,,,,,,,,,Due in 5-7 Days.Order Now!,23|1|0,,,,,,,,,,,,,,,,,,,,,,,,,,,,,,,,,,,,,,,,,,,,,,,,,,,,,,,,,,,,,,,,,,,,,,,,,,,,,,,,,,,,,,,,,,,,,,,,,,,,,,,,,,,,,,,,,,,,,,,,,,,,,,,,,,,,,,,,,,,,"Moisten the product, Paste the wall",17|1|0,,Strippable,18|1|0,,,,,,,,,,,,,,,,,,,,,,,,,,,,,,,,,,,,,,,,,,,,,,,,,,,,,Good lightfastness,15|1|0,,,,,,,,,,,,,,,,,Straight Match,7|1|0,,,,,,,,,,,,,,,,,,,,,,,,,,,,,,,,,,,,,,,,,,,,,,,,,,,,,,,,,,,,,,,,,,,,,,,,,,,,,,,,,,,,,,,,,,,,,,,,,,,,,,,,,,,,,,,,,"15 cm (5.91"")",13|1|0,,,,,,,,,,,,,,,,,,,,,,,,,,,,,,,,,,,,,,,,,,,,,,,,,,,,,,,,,,,,,,,,,,,,,,,,,,,,,,,,,,,,,,,,,,,,,,,,,,,,,,,,,,,,,,,,,,,,,,,,,,,,,,,,,,,,,,,,,,,,,,,,,,,,,,,,,,,,,,,,,,,,,,,,,,,,,,,,,,,,,,,,,,,,,,,"44 cm (36.00&quot;), 91",9|1|0,,,,,,,,,,,,,
Arte Wallpaper Aristo Quagga,arte-wallpaper-aristo-quagga,,999528281,"Wallcovering with flock, inspired by the delicate features and royal appearance of the Aristo Quagga",,publish,,0,14/03/22 16:16,1049,open,UF-MO2031-P,,,no,no,,161,,1.3,60,8.5,60,,instock,no,no,,no,taxable,,,no,,,,,,,,https://inspiry.co.nz/wp-content/uploads/2022/03/UF-MO2031-7.jpg ! alt : Arte Wallpaper Aristo Quagga  ! title : Arte Wallpaper Aristo Quagga  1 ! desc :  ! caption :  | https://inspiry.co.nz/wp-content/uploads/2022/03/UF-MO2031-1-4.jpg ! alt : Arte Wallpaper Aristo Quagga  ! title : Arte Wallpaper Aristo Quagga  2 ! desc :  ! caption :  | https://inspiry.co.nz/wp-content/uploads/2022/03/UF-MO2031-2-4.jpg ! alt : Arte Wallpaper Aristo Quagga  ! title : Arte Wallpaper Aristo Quagga  3 ! desc :  ! caption :  | https://inspiry.co.nz/wp-content/uploads/2022/03/UF-MO2031-3-4.jpg ! alt : Arte Wallpaper Aristo Quagga  ! title : Arte Wallpaper Aristo Quagga  4 ! desc :  ! caption : ,,https://inspiry.co.nz/products/arte-wallpaper-aristo-quagga/,,,,,,,,,,,,variable,,Wallpaper,,Free Shipping,,,,,,yes,,2022-03-17T21:20:43+00:00,,0,,,,,,,,,,,,,,,,,,,,,,,,,,,,,,,,,,,,,,,,,,,,,,,,,,,,,,,,,,,,,,,,,,,,,,,,,,,,"Adhesive for non-woven wallcovering like Arte Clearpro, or Metyl Special (200 g in 4 l of water) with the addition of 20% PVA adhesive",14|1|0,,,,,,,,,,,,,,,,,Due in 5-7 Days.Order Now!,22|1|0,,,,,,,,,,,,,,,,,,,,,,,,,,,,,,,,,,,,,,Arte Wallpaper,1|1|0,,,,,,,,,,,Washable,16|1|0,,,,,,,,,,,,,,,,,,,,,,,,,,,,,Moooi Wallcovering Extinct Animals,2|1|0,,,,,Cherry|Snow|Walnut|Water,3|1|1,,,,,,,,,,,,,,,,,,,,,,,,,,,,,,,,,,,,,,,,,,,,,,,,,,,,,,,,Due in 5-7 Days.Order Now!,23|1|0,,,,,,,,,,,,,,,,,,,,,,,,,,,,,,,,,,,,,,,,,,,,,,,,,,,,,,,,,,,,,,,,,,,,,,,,,,,,,,,,,,,,,,"B-s1, d0 / Class A",19|1|0,,,,,,,,,,,,,,,,,,,,,,,,,,,,,,,,,,,,,,,,,,,,,,,,,,,,,Paste the wall,17|1|0,,Strippable,18|1|0,,,,,,,,,,,,,,,,,,,,,,,,,,,,,,,,,,,,,,,,,,,,,,,,,,,,,Good lightfastness,15|1|0,,,,,,,,,,,,,,,,,Straight Match,7|1|0,,,,,,,,,,,,,,,,,,,,,,,,,,,,,,,,,,,,,,,,,,,,,,,,,,,,,,,,,,,,,,,,,,,,,,,,,,,,,,,,,,,,,,,,,,,,,,,,,,,,,,,,,,,,,,,,,"64 cm (25.20"")",13|1|0,,,,,,,,,,,,,,,,,,,,,,,,,,,,,,,,,,,,,,,,,,,,,,,,,,,,,,,,,,,,,,,,,,,,the linear metre/yard,11|1|0,,,,,,,,,,,,,,,,,,,,,,,,,,,,,,,,,,,,,,,,,,,,,,,,,,,,,,,,,,,,,,,,,,,,,,,,,,,,,,,,,,,,,,,,,,,,,,,,,,,,,,,,,,,,,,,,,,,,,,,,,,"90 cm (35.43"")",9|1|0,,,,,,,,,,,,,
Arte Wallpaper Blushing Sloth,arte-wallpaper-blushing-sloth,,999528286,"Wallcovering with flock, resembling the beautiful fur of the Blushing Sloth",,publish,,0,14/03/22 16:16,1049,open,UF-MO2041-P,,,no,no,,161,,1.3,60,8.5,60,,instock,no,no,,no,taxable,,,no,,,,,,,,https://inspiry.co.nz/wp-content/uploads/2022/03/UF-MO2041-8.jpg ! alt : Arte Wallpaper Blushing Sloth  ! title : Arte Wallpaper Blushing Sloth  1 ! desc :  ! caption :  | https://inspiry.co.nz/wp-content/uploads/2022/03/UF-MO2041-1-4.jpg ! alt : Arte Wallpaper Blushing Sloth  ! title : Arte Wallpaper Blushing Sloth  2 ! desc :  ! caption :  | https://inspiry.co.nz/wp-content/uploads/2022/03/UF-MO2041-2-4.jpg ! alt : Arte Wallpaper Blushing Sloth  ! title : Arte Wallpaper Blushing Sloth  3 ! desc :  ! caption :  | https://inspiry.co.nz/wp-content/uploads/2022/03/UF-MO2041-3-4.jpg ! alt : Arte Wallpaper Blushing Sloth  ! title : Arte Wallpaper Blushing Sloth  4 ! desc :  ! caption :  | https://inspiry.co.nz/wp-content/uploads/2022/03/UF-MO2041-4-4.jpg ! alt : Arte Wallpaper Blushing Sloth  ! title : Arte Wallpaper Blushing Sloth  5 ! desc :  ! caption : ,,https://inspiry.co.nz/products/arte-wallpaper-blushing-sloth/,,,,,,,,,,,,variable,,Wallpaper,,Free Shipping,,,,,,yes,,2022-03-17T21:20:41+00:00,,0,,,,,,,,,,,,,,,,,,,,,,,,,,,,,,,,,,,,,,,,,,,,,,,,,,,,,,,,,,,,,,,,,,,,,,,,,,,,"Adhesive for non-woven wallcovering like Arte Clearpro, or Metyl Special (200 g in 4 l of water) with the addition of 20% PVA adhesive",14|1|0,,,,,,,,,,,,,,,,,Due in 5-7 Days.Order Now!,22|1|0,,,,,,,,,,,,,,,,,,,,,,,,,,,,,,,,,,,,,,Arte Wallpaper,1|1|0,,,,,,,,,,,Washable,16|1|0,,,,,,,,,,,,,,,,,,,,,,,,,,,,,Moooi Wallcovering Extinct Animals,2|1|0,,,,,Gold|Moss|Sepia|Smoke,3|1|1,,,,,,,,,,,,,,,,,,,,,,,,,,,,,,,,,,,,,,,,,,,,,,,,,,,,,,,,Due in 5-7 Days.Order Now!,23|1|0,,,,,,,,,,,,,,,,,,,,,,,,,,,,,,,,,,,,,,,,,,,,,,,,,,,,,,,,,,,,,,,,,,,,,,,,,,,,,,,,,,,,,,"B-s1, d0 / Class A",19|1|0,,,,,,,,,,,,,,,,,,,,,,,,,,,,,,,,,,,,,,,,,,,,,,,,,,,,,Paste the wall,17|1|0,,Strippable,18|1|0,,,,,,,,,,,,,,,,,,,,,,,,,,,,,,,,,,,,,,,,,,,,,,,,,,,,,Good lightfastness,15|1|0,,,,,,,,,,,,,,,,,Straight Match,7|1|0,,,,,,,,,,,,,,,,,,,,,,,,,,,,,,,,,,,,,,,,,,,,,,,,,,,,,,,,,,,,,,,,,,,,,,,,,,,,,,,,,,,,,,,,,,,,,,,,,,,,,,,,,,,,,,,,,"64 cm (25.20"")",13|1|0,,,,,,,,,,,,,,,,,,,,,,,,,,,,,,,,,,,,,,,,,,,,,,,,,,,,,,,,,,,,,,,,,,,,the linear metre/yard,11|1|0,,,,,,,,,,,,,,,,,,,,,,,,,,,,,,,,,,,,,,,,,,,,,,,,,,,,,,,,,,,,,,,,,,,,,,,,,,,,,,,,,,,,,,,,,,,,,,,,,,,,,,,,,,,,,,,,,,,,,,,,,,"90 cm (35.43"")",9|1|0,,,,,,,,,,,,,